#!ascii label , from subject fsaverage6 vox2ras=TkReg coords=white
1094
143  -5.264  -50.593  18.583 0.0000000000
585  -9.351  -52.721  24.382 0.0000000000
1324  -5.944  -50.484  14.189 0.0000000000
1326  -5.305  -56.131  13.257 0.0000000000
1731  -4.473  -47.130  23.705 0.0000000000
2392  -4.424  -49.445  28.022 0.0000000000
2393  -6.669  -51.737  22.177 0.0000000000
2394  -6.401  -59.584  23.546 0.0000000000
2395  -5.930  -58.642  20.063 0.0000000000
2396  -5.382  -57.482  16.773 0.0000000000
3242  -4.946  -48.329  19.128 0.0000000000
3243  -6.141  -48.716  17.228 0.0000000000
3244  -5.456  -50.540  16.259 0.0000000000
3245  -6.466  -53.341  13.511 0.0000000000
3246  -6.868  -53.075  15.846 0.0000000000
3846  -4.844  -45.447  25.861 0.0000000000
5336  -5.904  -49.696  29.194 0.0000000000
5337  -6.285  -51.409  26.558 0.0000000000
5338  -4.805  -50.937  25.214 0.0000000000
5339  -7.948  -52.159  23.524 0.0000000000
5344  -4.169  -61.613  19.886 0.0000000000
5345  -4.104  -61.113  18.141 0.0000000000
5346  -5.635  -57.955  18.468 0.0000000000
5347  -4.204  -60.487  16.314 0.0000000000
5348  -4.309  -59.894  14.426 0.0000000000
7880  -5.756  -46.808  21.776 0.0000000000
7881  -4.264  -48.690  21.231 0.0000000000
9735  -4.236  -48.540  25.891 0.0000000000
9736  -4.245  -49.971  23.176 0.0000000000
9737  -5.830  -51.195  20.389 0.0000000000
9740  -9.145  -56.536  23.439 0.0000000000
9741  -4.150  -62.028  21.567 0.0000000000
9742  -6.157  -59.337  21.690 0.0000000000
9743  -8.878  -55.994  21.923 0.0000000000
9744  -8.467  -55.131  20.477 0.0000000000
9745  -7.937  -54.334  18.924 0.0000000000
9746  -7.459  -53.804  17.221 0.0000000000
9747  -5.280  -56.797  15.004 0.0000000000
10922  -4.673  -49.428  18.771 0.0000000000
10923  -4.856  -49.336  17.599 0.0000000000
10924  -5.258  -50.588  17.424 0.0000000000
10925  -6.240  -51.642  16.155 0.0000000000
10926  -6.310  -51.563  17.269 0.0000000000
13015  -8.841  -51.919  25.826 0.0000000000
13016  -7.353  -51.436  26.973 0.0000000000
13017  -7.871  -51.710  25.493 0.0000000000
13018  -6.965  -51.640  25.092 0.0000000000
13019  -8.695  -52.387  23.956 0.0000000000
13024  -4.615  -62.277  18.394 0.0000000000
13025  -4.714  -61.867  17.556 0.0000000000
13026  -4.165  -60.742  17.296 0.0000000000
13027  -4.790  -61.508  16.697 0.0000000000
13028  -4.853  -61.147  15.777 0.0000000000
15490  -5.686  -49.392  15.649 0.0000000000
15491  -6.862  -48.938  16.428 0.0000000000
15492  -6.407  -49.574  14.869 0.0000000000
15494  -6.307  -50.547  13.370 0.0000000000
15496  -6.436  -51.872  12.841 0.0000000000
15497  -6.005  -54.799  13.296 0.0000000000
15498  -5.883  -54.790  12.068 0.0000000000
15499  -5.375  -56.046  11.999 0.0000000000
17297  -5.210  -46.015  23.708 0.0000000000
17299  -4.940  -46.780  22.550 0.0000000000
17300  -4.667  -47.530  21.358 0.0000000000
17301  -4.315  -47.890  22.474 0.0000000000
21768  -4.973  -49.656  28.798 0.0000000000
21772  -4.275  -48.075  28.074 0.0000000000
21773  -4.250  -47.719  26.970 0.0000000000
21774  -4.215  -49.125  27.010 0.0000000000
21775  -5.528  -51.354  23.682 0.0000000000
21776  -4.457  -50.483  24.206 0.0000000000
21777  -5.140  -51.030  22.718 0.0000000000
21778  -4.808  -50.623  21.774 0.0000000000
21779  -6.197  -51.452  21.306 0.0000000000
21785  -7.908  -58.374  24.249 0.0000000000
21786  -9.222  -56.874  24.163 0.0000000000
21787  -7.867  -58.173  23.422 0.0000000000
21790  -4.448  -63.319  20.732 0.0000000000
21791  -4.642  -60.128  19.974 0.0000000000
21792  -4.752  -60.404  20.846 0.0000000000
21793  -6.082  -59.017  20.898 0.0000000000
21794  -7.636  -57.797  21.773 0.0000000000
21795  -7.559  -57.408  20.903 0.0000000000
21796  -8.711  -55.531  21.218 0.0000000000
21797  -7.387  -57.033  20.152 0.0000000000
21798  -5.452  -57.706  17.648 0.0000000000
21799  -6.971  -56.317  18.634 0.0000000000
21800  -6.844  -56.001  17.786 0.0000000000
21801  -7.728  -54.033  18.090 0.0000000000
21802  -6.665  -55.797  16.908 0.0000000000
21803  -6.479  -55.478  16.072 0.0000000000
21804  -5.329  -57.171  15.893 0.0000000000
21806  -4.487  -59.519  13.506 0.0000000000
24268  -6.153  -47.833  19.762 0.0000000000
24269  -6.806  -48.115  18.871 0.0000000000
24270  -5.481  -48.442  18.153 0.0000000000
24271  -5.183  -49.298  16.568 0.0000000000
24272  -5.695  -50.504  15.196 0.0000000000
24273  -6.332  -51.888  13.883 0.0000000000
24274  -6.230  -51.746  15.007 0.0000000000
24275  -6.631  -53.288  14.676 0.0000000000
24276  -6.288  -54.795  14.501 0.0000000000
25356  -4.740  -46.333  24.865 0.0000000000
28037  -7.057  -50.766  28.349 0.0000000000
28038  -5.970  -50.814  28.049 0.0000000000
28039  -5.042  -50.711  27.500 0.0000000000
28040  -4.492  -50.370  26.678 0.0000000000
28041  -5.410  -51.281  26.001 0.0000000000
28042  -6.105  -51.581  24.488 0.0000000000
28043  -7.234  -51.943  22.984 0.0000000000
28050  -4.545  -62.971  20.015 0.0000000000
28051  -4.584  -62.675  19.215 0.0000000000
28052  -4.120  -61.333  19.041 0.0000000000
28053  -4.558  -59.794  19.129 0.0000000000
28054  -5.760  -58.285  19.281 0.0000000000
28055  -4.536  -59.471  18.296 0.0000000000
28056  -4.473  -59.262  17.426 0.0000000000
28057  -4.418  -58.997  16.458 0.0000000000
28058  -4.412  -58.771  15.560 0.0000000000
28059  -4.211  -60.188  15.372 0.0000000000
31571  -9.973  -53.160  24.782 0.0000000000
31681  -6.374  -53.445  12.349 0.0000000000
34009  -5.296  -47.525  20.561 0.0000000000
34010  -4.544  -48.431  20.081 0.0000000000
34011  -4.502  -49.598  19.924 0.0000000000
39441  -4.500  -45.988  26.876 0.0000000000
39442  -4.412  -47.034  25.878 0.0000000000
39443  -4.307  -47.867  24.741 0.0000000000
39444  -4.293  -49.905  25.655 0.0000000000
39445  -4.176  -49.269  24.571 0.0000000000
39446  -4.171  -48.585  23.493 0.0000000000
39447  -4.192  -49.339  22.171 0.0000000000
39448  -4.634  -50.168  20.799 0.0000000000
39449  -5.561  -50.892  19.464 0.0000000000
39457  -10.148  -55.070  24.229 0.0000000000
39458  -9.858  -54.606  23.600 0.0000000000
39461  -4.972  -60.891  22.644 0.0000000000
39462  -4.163  -61.845  20.719 0.0000000000
39463  -4.901  -60.636  21.792 0.0000000000
39464  -6.351  -59.478  22.623 0.0000000000
39465  -7.731  -58.039  22.571 0.0000000000
39466  -9.031  -56.284  22.656 0.0000000000
39467  -9.477  -54.167  23.047 0.0000000000
39468  -9.058  -53.846  22.510 0.0000000000
39469  -8.669  -53.434  21.905 0.0000000000
39470  -8.264  -53.035  21.242 0.0000000000
39471  -7.195  -56.656  19.382 0.0000000000
39472  -8.210  -54.688  19.705 0.0000000000
39473  -7.840  -52.662  20.541 0.0000000000
39474  -7.464  -52.349  19.731 0.0000000000
39475  -7.092  -52.083  18.867 0.0000000000
39476  -6.738  -51.838  17.992 0.0000000000
39477  -7.147  -53.417  16.503 0.0000000000
39478  -6.411  -55.139  15.288 0.0000000000
39479  -5.216  -56.499  14.095 0.0000000000
39480  -4.459  -58.454  14.627 0.0000000000
39481  -4.531  -58.124  13.662 0.0000000000
39482  -4.690  -57.650  12.774 0.0000000000
142  -11.918  -55.857  29.637 0.0000000000
311  -9.343  -55.164  36.822 0.0000000000
312  -3.819  -66.522  30.178 0.0000000000
313  -4.981  -65.449  23.194 0.0000000000
791  -4.786  -65.565  34.516 0.0000000000
1293  -11.439  -55.876  33.594 0.0000000000
1299  -11.219  -54.488  26.527 0.0000000000
1712  -7.097  -59.316  38.043 0.0000000000
1713  -6.370  -59.601  34.073 0.0000000000
1714  -6.843  -61.110  30.138 0.0000000000
1715  -6.376  -60.355  26.839 0.0000000000
1716  -4.167  -66.464  26.457 0.0000000000
3213  -11.812  -55.885  31.627 0.0000000000
3214  -13.785  -53.109  33.050 0.0000000000
3215  -13.890  -52.803  30.985 0.0000000000
3217  -13.042  -52.660  29.334 0.0000000000
3218  -11.785  -52.062  28.337 0.0000000000
3219  -11.719  -55.200  28.081 0.0000000000
3813  -4.329  -66.094  32.461 0.0000000000
3814  -5.444  -62.215  34.605 0.0000000000
3815  -5.381  -63.046  32.493 0.0000000000
3816  -6.698  -60.548  32.215 0.0000000000
3817  -5.159  -63.722  30.002 0.0000000000
3818  -4.676  -63.600  28.058 0.0000000000
3819  -3.832  -66.692  28.259 0.0000000000
5335  -8.425  -51.461  27.234 0.0000000000
5340  -4.197  -62.664  24.882 0.0000000000
5341  -6.392  -59.891  25.230 0.0000000000
5342  -4.155  -62.394  23.220 0.0000000000
6033  -3.471  -68.851  32.650 0.0000000000
6034  -4.269  -68.838  30.518 0.0000000000
6035  -5.330  -68.467  28.897 0.0000000000
6935  -10.686  -55.750  35.406 0.0000000000
6936  -11.452  -53.269  36.428 0.0000000000
6937  -12.890  -53.237  34.932 0.0000000000
6946  -10.188  -51.747  27.650 0.0000000000
6947  -10.456  -53.685  25.265 0.0000000000
6949  -5.362  -64.678  21.665 0.0000000000
7834  -7.646  -56.882  37.537 0.0000000000
7835  -6.265  -62.099  36.471 0.0000000000
7836  -6.565  -59.583  36.159 0.0000000000
7837  -8.270  -57.643  35.706 0.0000000000
7838  -8.591  -57.947  33.745 0.0000000000
7839  -8.764  -58.163  31.818 0.0000000000
7840  -9.011  -58.397  29.954 0.0000000000
7841  -9.290  -58.125  28.350 0.0000000000
7842  -6.555  -60.899  28.254 0.0000000000
7843  -4.394  -63.168  26.496 0.0000000000
7844  -4.670  -66.024  24.761 0.0000000000
7845  -6.529  -67.965  27.296 0.0000000000
7846  -7.328  -67.193  25.713 0.0000000000
7847  -8.276  -66.273  24.100 0.0000000000
9738  -9.492  -57.704  26.656 0.0000000000
9739  -9.345  -57.160  24.974 0.0000000000
10893  -11.959  -55.843  30.652 0.0000000000
10894  -13.147  -54.425  31.381 0.0000000000
10895  -13.068  -54.320  30.370 0.0000000000
10896  -13.597  -52.718  30.116 0.0000000000
10897  -12.751  -54.269  29.426 0.0000000000
10898  -12.426  -53.982  28.728 0.0000000000
10899  -11.898  -55.504  28.855 0.0000000000
11493  -4.085  -66.351  31.310 0.0000000000
11494  -4.812  -64.455  32.555 0.0000000000
11495  -4.674  -64.844  31.350 0.0000000000
11496  -5.305  -63.567  31.282 0.0000000000
11497  -4.461  -65.096  30.070 0.0000000000
11498  -4.275  -65.139  29.045 0.0000000000
11499  -3.770  -66.702  29.211 0.0000000000
13020  -3.996  -64.197  23.876 0.0000000000
13021  -4.142  -62.522  24.022 0.0000000000
13022  -4.043  -64.062  23.018 0.0000000000
13896  -3.769  -68.961  31.551 0.0000000000
15398  -11.124  -55.805  34.512 0.0000000000
15399  -11.839  -54.647  35.179 0.0000000000
15400  -12.341  -54.649  34.318 0.0000000000
15401  -14.553  -51.471  32.708 0.0000000000
15402  -14.314  -51.678  33.742 0.0000000000
15415  -11.573  -53.317  27.481 0.0000000000
15416  -11.010  -51.870  27.968 0.0000000000
15417  -10.992  -52.956  26.958 0.0000000000
15418  -10.355  -52.605  26.527 0.0000000000
15419  -10.873  -54.093  25.884 0.0000000000
17197  -7.136  -57.957  37.769 0.0000000000
17200  -5.599  -63.723  35.472 0.0000000000
17201  -5.699  -60.847  34.402 0.0000000000
17202  -5.844  -60.751  35.415 0.0000000000
17203  -6.400  -59.517  35.186 0.0000000000
17204  -7.343  -58.487  35.927 0.0000000000
17205  -7.350  -58.639  34.888 0.0000000000
17206  -8.487  -57.857  34.678 0.0000000000
17207  -7.377  -58.762  33.916 0.0000000000
17208  -6.820  -60.900  31.260 0.0000000000
17209  -7.557  -59.249  31.992 0.0000000000
17210  -7.680  -59.570  31.030 0.0000000000
17211  -8.942  -58.326  30.909 0.0000000000
17212  -7.884  -59.762  29.987 0.0000000000
17213  -7.870  -59.639  29.196 0.0000000000
17214  -6.719  -61.033  29.119 0.0000000000
17215  -4.020  -65.017  27.279 0.0000000000
17216  -4.481  -63.389  27.239 0.0000000000
17217  -4.033  -64.881  26.377 0.0000000000
17218  -4.036  -64.687  25.513 0.0000000000
17219  -4.400  -66.265  25.635 0.0000000000
17221  -5.982  -68.217  28.030 0.0000000000
17226  -7.812  -66.786  24.900 0.0000000000
21721  -12.604  -52.113  36.499 0.0000000000
21780  -7.810  -59.282  27.605 0.0000000000
21781  -9.424  -57.948  27.502 0.0000000000
21782  -7.933  -59.011  26.831 0.0000000000
21783  -6.405  -59.695  24.405 0.0000000000
21784  -7.984  -58.614  25.119 0.0000000000
21788  -5.706  -64.194  21.112 0.0000000000
21789  -4.280  -63.611  21.362 0.0000000000
24215  -11.659  -55.883  32.646 0.0000000000
24216  -12.750  -54.568  33.407 0.0000000000
24217  -13.033  -54.509  32.402 0.0000000000
24218  -13.937  -52.984  32.006 0.0000000000
24219  -14.556  -51.229  31.623 0.0000000000
24221  -14.255  -51.132  30.661 0.0000000000
24222  -13.739  -50.947  29.845 0.0000000000
24223  -12.948  -50.849  29.209 0.0000000000
24224  -12.093  -50.696  28.900 0.0000000000
24225  -12.479  -52.278  28.788 0.0000000000
24226  -12.026  -53.630  28.081 0.0000000000
24227  -11.478  -54.833  27.285 0.0000000000
25295  -4.573  -65.779  33.515 0.0000000000
25296  -5.273  -63.892  34.594 0.0000000000
25297  -5.023  -64.116  33.591 0.0000000000
25298  -5.322  -62.576  33.589 0.0000000000
25299  -5.854  -61.232  33.422 0.0000000000
25300  -6.511  -59.950  33.102 0.0000000000
25301  -6.107  -61.826  32.445 0.0000000000
25302  -6.076  -62.249  31.261 0.0000000000
25303  -5.894  -62.446  30.093 0.0000000000
25304  -5.709  -62.312  29.140 0.0000000000
25305  -4.920  -63.744  28.958 0.0000000000
25306  -4.114  -65.119  28.140 0.0000000000
25307  -3.967  -66.607  27.333 0.0000000000
28035  -8.124  -50.660  28.481 0.0000000000
28044  -5.160  -61.397  25.854 0.0000000000
28045  -6.356  -60.078  26.030 0.0000000000
28046  -5.117  -61.189  25.065 0.0000000000
28047  -5.075  -61.003  24.282 0.0000000000
28048  -5.045  -60.971  23.463 0.0000000000
29437  -3.825  -67.321  33.585 0.0000000000
29438  -3.654  -67.548  32.413 0.0000000000
29439  -3.615  -67.738  31.338 0.0000000000
29440  -3.616  -67.985  30.226 0.0000000000
29441  -3.805  -68.037  29.396 0.0000000000
29442  -4.708  -68.700  29.686 0.0000000000
31541  -10.080  -55.512  36.227 0.0000000000
31542  -10.427  -54.302  36.604 0.0000000000
31543  -11.193  -54.477  35.922 0.0000000000
31544  -12.165  -53.361  35.693 0.0000000000
31545  -13.286  -52.005  35.578 0.0000000000
31546  -13.419  -53.263  34.055 0.0000000000
31547  -13.919  -51.848  34.696 0.0000000000
31566  -11.155  -50.583  28.653 0.0000000000
31567  -10.177  -50.514  28.600 0.0000000000
31568  -9.148  -50.541  28.520 0.0000000000
31569  -9.407  -51.573  27.418 0.0000000000
31570  -9.682  -52.217  26.098 0.0000000000
31572  -6.885  -65.736  22.959 0.0000000000
31573  -5.209  -65.087  22.427 0.0000000000
31574  -7.263  -65.020  22.388 0.0000000000
33880  -8.328  -56.037  37.154 0.0000000000
33883  -6.882  -60.863  37.286 0.0000000000
33884  -5.726  -62.124  35.555 0.0000000000
33885  -6.322  -60.820  36.312 0.0000000000
33886  -6.977  -59.509  37.062 0.0000000000
33887  -7.295  -58.224  36.991 0.0000000000
33888  -7.976  -57.280  36.724 0.0000000000
33889  -8.944  -56.341  36.408 0.0000000000
33890  -9.405  -56.673  35.585 0.0000000000
33891  -9.835  -56.850  34.655 0.0000000000
33892  -10.009  -56.910  33.700 0.0000000000
33893  -7.476  -58.971  32.909 0.0000000000
33894  -8.690  -58.069  32.844 0.0000000000
33895  -10.119  -57.039  32.755 0.0000000000
33896  -10.322  -57.112  31.815 0.0000000000
33897  -10.437  -57.142  30.852 0.0000000000
33898  -10.595  -57.143  29.891 0.0000000000
33899  -10.658  -57.020  29.051 0.0000000000
33900  -9.160  -58.266  29.200 0.0000000000
33901  -7.818  -59.460  28.435 0.0000000000
33902  -6.423  -60.615  27.594 0.0000000000
33903  -5.482  -62.103  28.188 0.0000000000
33904  -5.404  -61.859  27.390 0.0000000000
33905  -5.295  -61.596  26.639 0.0000000000
33906  -4.260  -62.929  25.663 0.0000000000
33907  -3.986  -64.374  24.693 0.0000000000
33908  -4.864  -65.757  23.948 0.0000000000
33909  -4.189  -68.080  28.483 0.0000000000
33910  -4.644  -67.923  27.560 0.0000000000
33911  -5.106  -67.661  26.708 0.0000000000
33913  -6.914  -67.606  26.502 0.0000000000
33914  -5.508  -67.437  25.883 0.0000000000
33915  -5.892  -67.167  25.094 0.0000000000
33916  -6.252  -66.773  24.355 0.0000000000
33917  -6.591  -66.250  23.563 0.0000000000
33918  -8.742  -65.704  23.405 0.0000000000
39450  -10.729  -56.724  28.232 0.0000000000
39451  -10.693  -56.451  27.336 0.0000000000
39452  -10.638  -56.163  26.448 0.0000000000
39453  -7.984  -58.846  25.994 0.0000000000
39454  -9.441  -57.449  25.840 0.0000000000
39455  -10.481  -55.806  25.694 0.0000000000
39456  -10.328  -55.446  24.956 0.0000000000
39459  -4.139  -63.859  22.177 0.0000000000
39460  -4.187  -62.288  22.363 0.0000000000
321  -4.749  -43.056  27.392 0.0000000000
583  -14.854  -44.675  36.281 0.0000000000
584  -8.954  -44.131  31.109 0.0000000000
1294  -13.787  -51.079  36.510 0.0000000000
1295  -15.169  -49.754  32.398 0.0000000000
1296  -13.410  -43.170  32.394 0.0000000000
1297  -12.500  -49.271  29.234 0.0000000000
1298  -8.197  -49.307  29.258 0.0000000000
2388  -9.000  -39.364  38.352 0.0000000000
2389  -8.397  -36.895  34.707 0.0000000000
2390  -5.114  -38.682  32.174 0.0000000000
2391  -4.893  -44.259  30.809 0.0000000000
3216  -14.270  -49.400  30.458 0.0000000000
5321  -15.508  -48.187  36.603 0.0000000000
5323  -14.270  -45.947  38.425 0.0000000000
5325  -12.392  -42.812  38.343 0.0000000000
5326  -9.099  -40.717  39.543 0.0000000000
5327  -12.639  -41.502  36.547 0.0000000000
5328  -11.306  -43.435  31.316 0.0000000000
5329  -10.694  -40.112  33.101 0.0000000000
5330  -8.979  -40.569  32.205 0.0000000000
5331  -7.026  -37.701  32.939 0.0000000000
5332  -6.951  -41.396  31.957 0.0000000000
5333  -4.906  -41.471  31.574 0.0000000000
5334  -6.726  -44.356  31.283 0.0000000000
6938  -14.942  -50.349  34.538 0.0000000000
6939  -15.862  -47.029  34.351 0.0000000000
6940  -14.701  -43.662  34.130 0.0000000000
6941  -15.098  -46.356  32.166 0.0000000000
6942  -13.420  -46.181  30.636 0.0000000000
6943  -11.011  -46.296  29.926 0.0000000000
6944  -8.602  -46.497  30.021 0.0000000000
6945  -10.425  -49.017  29.161 0.0000000000
9723  -12.125  -40.400  34.666 0.0000000000
9724  -8.850  -37.751  36.755 0.0000000000
9726  -6.184  -35.098  35.745 0.0000000000
9727  -5.463  -35.519  33.189 0.0000000000
9728  -4.170  -35.987  31.513 0.0000000000
9729  -4.046  -38.557  30.760 0.0000000000
9730  -4.021  -41.073  30.018 0.0000000000
9731  -4.121  -43.833  29.267 0.0000000000
9732  -6.364  -46.855  30.332 0.0000000000
9733  -4.659  -47.002  29.777 0.0000000000
9734  -4.290  -46.481  27.920 0.0000000000
11526  -4.845  -44.307  26.747 0.0000000000
13001  -15.511  -46.461  36.450 0.0000000000
13002  -15.192  -47.093  37.564 0.0000000000
13003  -14.637  -45.326  37.366 0.0000000000
13004  -13.473  -44.254  38.316 0.0000000000
13005  -13.796  -43.649  37.324 0.0000000000
13006  -12.645  -42.202  37.441 0.0000000000
13007  -13.940  -43.020  36.311 0.0000000000
13008  -10.148  -43.808  31.147 0.0000000000
13009  -10.036  -42.098  31.768 0.0000000000
13010  -8.979  -42.528  31.618 0.0000000000
13011  -7.985  -41.031  32.046 0.0000000000
13012  -7.866  -42.941  31.583 0.0000000000
13013  -6.778  -42.945  31.719 0.0000000000
13014  -7.804  -44.307  31.229 0.0000000000
15403  -15.193  -50.051  33.502 0.0000000000
15404  -15.653  -48.745  34.457 0.0000000000
15405  -15.677  -48.409  33.249 0.0000000000
15406  -15.620  -46.706  33.215 0.0000000000
15407  -15.363  -48.082  32.220 0.0000000000
15408  -13.486  -49.290  29.786 0.0000000000
15409  -14.043  -47.729  30.456 0.0000000000
15410  -13.056  -47.599  29.878 0.0000000000
15411  -12.260  -46.176  30.201 0.0000000000
15412  -11.859  -47.697  29.503 0.0000000000
15413  -10.719  -47.610  29.501 0.0000000000
15414  -11.468  -49.074  29.182 0.0000000000
21738  -9.138  -40.102  38.988 0.0000000000
21739  -7.140  -40.111  40.502 0.0000000000
21740  -7.121  -39.388  40.015 0.0000000000
21742  -7.143  -38.622  39.384 0.0000000000
21743  -14.179  -43.310  33.185 0.0000000000
21744  -13.492  -41.965  34.292 0.0000000000
21745  -12.913  -41.705  33.369 0.0000000000
21746  -9.566  -38.355  33.887 0.0000000000
21747  -10.101  -38.493  34.698 0.0000000000
21748  -8.768  -37.142  35.729 0.0000000000
21749  -7.294  -36.909  37.806 0.0000000000
21750  -7.368  -36.213  36.711 0.0000000000
21752  -7.243  -35.882  35.318 0.0000000000
21753  -6.047  -38.291  32.533 0.0000000000
21754  -6.155  -36.568  33.156 0.0000000000
21755  -5.318  -37.055  32.513 0.0000000000
21756  -4.793  -35.777  32.362 0.0000000000
21757  -4.522  -37.367  31.916 0.0000000000
21758  -4.014  -37.264  31.127 0.0000000000
21759  -4.417  -38.645  31.558 0.0000000000
21760  -4.905  -42.922  31.194 0.0000000000
21761  -4.309  -41.280  30.922 0.0000000000
21762  -4.317  -42.699  30.509 0.0000000000
21763  -4.032  -42.355  29.648 0.0000000000
21764  -4.297  -44.114  30.150 0.0000000000
21765  -8.395  -47.843  29.666 0.0000000000
21766  -7.436  -46.723  30.182 0.0000000000
21767  -7.209  -48.041  29.887 0.0000000000
21769  -5.144  -48.327  29.630 0.0000000000
21770  -4.522  -48.239  29.024 0.0000000000
21771  -4.327  -46.779  28.918 0.0000000000
24220  -14.890  -49.571  31.375 0.0000000000
28009  -14.864  -49.785  36.558 0.0000000000
28010  -14.284  -50.267  37.571 0.0000000000
28011  -15.013  -48.771  37.660 0.0000000000
28015  -13.130  -44.908  39.226 0.0000000000
28016  -12.065  -43.451  39.222 0.0000000000
28017  -10.567  -42.201  39.422 0.0000000000
28018  -8.794  -41.270  40.165 0.0000000000
28019  -10.872  -41.625  38.692 0.0000000000
28020  -10.980  -41.016  37.997 0.0000000000
28021  -10.974  -40.251  37.201 0.0000000000
28022  -12.434  -43.224  31.774 0.0000000000
28023  -12.037  -41.637  32.603 0.0000000000
28024  -11.071  -41.843  32.076 0.0000000000
28025  -9.907  -40.208  32.596 0.0000000000
28026  -8.875  -38.538  33.201 0.0000000000
28027  -7.835  -37.192  33.625 0.0000000000
28028  -7.976  -39.099  32.610 0.0000000000
28029  -6.964  -39.602  32.383 0.0000000000
28030  -5.945  -39.989  32.215 0.0000000000
28031  -5.042  -40.041  31.899 0.0000000000
28032  -5.804  -41.492  31.898 0.0000000000
28033  -5.705  -42.985  31.570 0.0000000000
28034  -5.711  -44.367  31.108 0.0000000000
28036  -7.019  -49.513  29.359 0.0000000000
29481  -4.624  -41.816  27.856 0.0000000000
31548  -14.400  -50.711  35.535 0.0000000000
31549  -15.397  -49.283  35.526 0.0000000000
31550  -15.828  -47.543  35.453 0.0000000000
31551  -15.638  -45.805  35.282 0.0000000000
31552  -14.885  -44.121  35.213 0.0000000000
31553  -15.532  -45.361  34.189 0.0000000000
31554  -15.135  -45.010  33.133 0.0000000000
31555  -14.495  -44.678  32.251 0.0000000000
31556  -14.825  -47.884  31.226 0.0000000000
31557  -14.377  -46.259  31.332 0.0000000000
31558  -13.592  -44.652  31.569 0.0000000000
31559  -12.461  -44.729  31.040 0.0000000000
31560  -11.281  -44.932  30.623 0.0000000000
31561  -10.023  -45.242  30.489 0.0000000000
31562  -8.830  -45.348  30.617 0.0000000000
31563  -9.801  -46.367  29.890 0.0000000000
31564  -9.538  -47.628  29.546 0.0000000000
31565  -9.316  -49.098  29.196 0.0000000000
39399  -7.001  -40.736  41.013 0.0000000000
39405  -13.850  -42.449  35.312 0.0000000000
39406  -12.479  -40.855  35.626 0.0000000000
39407  -10.858  -39.564  36.351 0.0000000000
39408  -11.507  -40.149  33.814 0.0000000000
39409  -10.492  -38.978  35.513 0.0000000000
39410  -9.007  -38.516  37.534 0.0000000000
39411  -7.200  -37.739  38.708 0.0000000000
39417  -6.869  -36.031  34.111 0.0000000000
39418  -5.967  -35.131  34.408 0.0000000000
39424  -3.882  -37.077  30.185 0.0000000000
39425  -3.955  -38.335  29.835 0.0000000000
39426  -4.376  -39.956  31.228 0.0000000000
39427  -4.036  -39.805  30.405 0.0000000000
39428  -4.016  -39.589  29.495 0.0000000000
39429  -4.042  -40.820  29.076 0.0000000000
39430  -4.135  -42.106  28.691 0.0000000000
39431  -4.239  -43.473  28.285 0.0000000000
39432  -7.686  -45.536  30.734 0.0000000000
39433  -6.608  -45.635  30.796 0.0000000000
39434  -5.627  -45.706  30.667 0.0000000000
39435  -6.125  -48.210  29.888 0.0000000000
39436  -5.337  -46.958  30.215 0.0000000000
39437  -4.804  -45.651  30.380 0.0000000000
39438  -4.352  -45.490  29.684 0.0000000000
39439  -4.201  -45.219  28.709 0.0000000000
39440  -4.383  -44.777  27.670 0.0000000000
35  -4.029  -33.392  30.695 0.0000000000
426  -5.060  -26.335  37.205 0.0000000000
581  -4.818  -35.016  40.991 0.0000000000
1288  -8.020  -32.690  40.917 0.0000000000
1289  -6.878  -37.192  42.766 0.0000000000
1956  -4.438  -29.450  33.634 0.0000000000
2379  -6.704  -28.534  40.955 0.0000000000
2380  -5.490  -30.691  38.775 0.0000000000
2381  -5.341  -33.293  35.753 0.0000000000
3209  -8.270  -38.224  42.621 0.0000000000
4292  -4.738  -23.464  37.347 0.0000000000
4294  -4.618  -25.340  34.835 0.0000000000
4295  -4.103  -27.068  33.001 0.0000000000
4296  -4.834  -28.026  35.288 0.0000000000
5305  -6.127  -33.826  41.418 0.0000000000
5306  -6.472  -31.706  40.404 0.0000000000
5307  -5.144  -32.821  40.074 0.0000000000
5308  -4.954  -32.006  37.523 0.0000000000
5309  -4.780  -34.032  38.541 0.0000000000
6321  -4.846  -24.960  39.434 0.0000000000
6928  -7.614  -34.913  41.734 0.0000000000
6929  -5.736  -36.187  42.312 0.0000000000
8466  -4.114  -31.337  31.893 0.0000000000
9694  -5.857  -26.288  41.022 0.0000000000
9695  -5.458  -27.305  39.690 0.0000000000
9696  -7.639  -30.657  40.833 0.0000000000
9697  -6.173  -29.534  39.856 0.0000000000
9698  -5.401  -28.660  37.867 0.0000000000
9699  -5.091  -29.961  36.328 0.0000000000
9700  -4.976  -31.409  34.773 0.0000000000
9701  -4.846  -33.242  32.915 0.0000000000
9720  -5.866  -40.168  42.563 0.0000000000
9721  -5.752  -39.248  41.551 0.0000000000
9722  -5.715  -37.618  40.288 0.0000000000
9725  -5.880  -36.151  38.399 0.0000000000
10397  -4.119  -32.178  30.356 0.0000000000
10401  -4.068  -34.525  30.185 0.0000000000
11972  -4.953  -24.908  37.288 0.0000000000
11973  -4.815  -24.368  35.998 0.0000000000
11974  -4.891  -25.844  36.061 0.0000000000
11975  -4.691  -26.766  35.041 0.0000000000
11976  -5.005  -27.217  36.166 0.0000000000
12985  -5.378  -34.347  41.470 0.0000000000
12986  -5.543  -33.265  40.947 0.0000000000
12987  -4.921  -33.789  40.658 0.0000000000
12988  -4.748  -33.364  39.474 0.0000000000
12989  -4.667  -34.511  39.877 0.0000000000
15385  -8.107  -36.567  42.129 0.0000000000
15386  -8.488  -35.452  41.556 0.0000000000
15387  -7.290  -36.085  42.279 0.0000000000
15388  -6.644  -35.522  42.233 0.0000000000
15389  -6.277  -36.690  42.654 0.0000000000
18647  -4.237  -28.275  33.304 0.0000000000
18648  -3.986  -27.910  32.149 0.0000000000
18649  -4.050  -29.154  32.393 0.0000000000
18650  -3.938  -30.062  31.566 0.0000000000
18651  -4.234  -30.324  32.732 0.0000000000
21670  -7.316  -27.847  41.035 0.0000000000
21671  -6.810  -26.734  41.056 0.0000000000
21672  -6.247  -27.417  41.028 0.0000000000
21673  -5.538  -26.846  40.509 0.0000000000
21674  -5.879  -27.957  40.576 0.0000000000
21675  -8.860  -32.130  40.787 0.0000000000
21676  -8.601  -31.115  40.870 0.0000000000
21677  -7.969  -31.639  40.838 0.0000000000
21678  -5.887  -31.171  39.814 0.0000000000
21679  -6.427  -30.612  40.071 0.0000000000
21680  -5.867  -30.105  39.232 0.0000000000
21681  -5.731  -29.084  38.962 0.0000000000
21682  -5.503  -29.718  38.226 0.0000000000
21683  -5.230  -29.317  37.027 0.0000000000
21684  -5.257  -30.324  37.528 0.0000000000
21685  -5.023  -32.629  36.727 0.0000000000
21686  -5.068  -31.660  36.153 0.0000000000
21687  -5.218  -32.381  35.300 0.0000000000
21688  -5.035  -32.283  33.784 0.0000000000
21689  -5.334  -33.149  34.309 0.0000000000
21741  -5.721  -38.426  40.984 0.0000000000
21751  -6.096  -35.486  37.158 0.0000000000
24209  -7.572  -37.698  42.706 0.0000000000
26161  -4.491  -23.839  34.799 0.0000000000
26162  -4.210  -24.798  33.770 0.0000000000
26164  -4.298  -26.244  33.905 0.0000000000
26165  -4.477  -27.559  34.138 0.0000000000
26166  -4.647  -28.682  34.440 0.0000000000
27980  -7.748  -28.971  40.973 0.0000000000
27981  -7.045  -33.310  41.136 0.0000000000
27982  -7.205  -32.187  40.806 0.0000000000
27983  -6.335  -32.736  40.893 0.0000000000
27984  -5.745  -32.256  40.319 0.0000000000
27985  -5.375  -31.783  39.447 0.0000000000
27986  -5.105  -31.329  38.210 0.0000000000
27987  -4.930  -32.368  38.899 0.0000000000
27988  -4.776  -32.981  38.149 0.0000000000
27989  -5.008  -33.554  37.186 0.0000000000
30110  -4.769  -24.183  38.479 0.0000000000
30111  -5.025  -25.516  38.389 0.0000000000
31523  -8.943  -33.203  40.776 0.0000000000
31525  -8.656  -34.321  41.115 0.0000000000
31526  -7.864  -33.803  41.220 0.0000000000
31527  -6.835  -34.341  41.693 0.0000000000
31528  -5.932  -34.934  41.993 0.0000000000
31529  -5.179  -35.588  41.850 0.0000000000
35675  -3.979  -31.087  30.878 0.0000000000
35676  -4.046  -32.361  31.239 0.0000000000
39321  -5.192  -25.650  40.456 0.0000000000
39322  -5.177  -26.146  39.568 0.0000000000
39323  -5.234  -26.737  38.563 0.0000000000
39325  -8.211  -30.077  40.915 0.0000000000
39326  -7.247  -29.579  40.847 0.0000000000
39327  -7.156  -31.147  40.569 0.0000000000
39328  -6.869  -30.062  40.460 0.0000000000
39329  -6.382  -29.074  40.470 0.0000000000
39330  -5.788  -28.498  39.761 0.0000000000
39331  -5.509  -27.950  38.738 0.0000000000
39332  -5.259  -27.533  37.484 0.0000000000
39333  -5.134  -28.285  36.581 0.0000000000
39334  -4.991  -29.014  35.753 0.0000000000
39335  -4.820  -29.690  35.030 0.0000000000
39336  -5.061  -30.967  36.931 0.0000000000
39337  -4.968  -30.709  35.583 0.0000000000
39338  -4.678  -30.472  34.198 0.0000000000
39339  -4.626  -31.289  33.315 0.0000000000
39340  -4.482  -32.318  32.416 0.0000000000
39341  -4.275  -33.411  31.748 0.0000000000
39397  -6.676  -39.035  43.241 0.0000000000
39398  -6.072  -38.607  43.197 0.0000000000
39400  -5.744  -39.859  42.087 0.0000000000
39401  -5.685  -38.250  42.854 0.0000000000
39402  -5.423  -37.699  42.317 0.0000000000
39403  -5.147  -37.056  41.699 0.0000000000
39404  -4.884  -36.361  40.906 0.0000000000
39412  -5.711  -36.850  39.463 0.0000000000
39413  -4.843  -35.754  39.899 0.0000000000
39414  -5.010  -35.126  38.647 0.0000000000
39415  -5.372  -34.592  37.240 0.0000000000
39416  -5.565  -34.235  35.881 0.0000000000
39419  -5.577  -34.176  34.437 0.0000000000
39420  -5.161  -34.388  33.137 0.0000000000
39421  -4.509  -34.618  32.136 0.0000000000
39422  -4.059  -34.723  31.103 0.0000000000
39423  -3.937  -35.869  30.643 0.0000000000
425  -3.636  -14.174  35.850 0.0000000000
948  -4.521  -10.345  38.940 0.0000000000
949  -4.817  -16.940  39.332 0.0000000000
950  -4.119  -20.580  37.122 0.0000000000
951  -4.936  -23.688  40.852 0.0000000000
1952  -3.672  -7.365  34.866 0.0000000000
2868  -6.215  -14.946  39.210 0.0000000000
2869  -6.397  -18.562  39.426 0.0000000000
2870  -4.751  -20.407  40.160 0.0000000000
2871  -6.135  -22.129  40.440 0.0000000000
4285  -3.833  -12.140  37.499 0.0000000000
4286  -4.055  -8.896  36.995 0.0000000000
4287  -3.497  -10.925  35.265 0.0000000000
4288  -3.869  -9.509  33.419 0.0000000000
4289  -3.564  -12.948  33.525 0.0000000000
4291  -3.628  -16.244  33.977 0.0000000000
4293  -4.315  -22.374  34.736 0.0000000000
6315  -5.762  -11.914  39.793 0.0000000000
6316  -4.618  -13.544  38.990 0.0000000000
6317  -3.926  -15.451  38.086 0.0000000000
6318  -3.965  -17.484  36.497 0.0000000000
6319  -4.001  -18.825  38.760 0.0000000000
6320  -4.134  -21.996  39.362 0.0000000000
8452  -4.320  -7.023  38.980 0.0000000000
8453  -4.188  -5.562  36.846 0.0000000000
8461  -3.862  -19.430  34.463 0.0000000000
10550  -6.231  -20.413  39.870 0.0000000000
11965  -3.687  -13.189  36.780 0.0000000000
11966  -3.697  -11.550  36.407 0.0000000000
11967  -3.521  -12.571  35.552 0.0000000000
11968  -3.404  -11.941  34.382 0.0000000000
11969  -3.483  -13.607  34.663 0.0000000000
11970  -3.543  -14.623  33.777 0.0000000000
11971  -3.619  -15.208  34.904 0.0000000000
14364  -6.576  -12.660  39.681 0.0000000000
14365  -5.492  -15.939  39.281 0.0000000000
14366  -5.348  -14.246  39.225 0.0000000000
14367  -4.735  -15.194  39.115 0.0000000000
14368  -4.165  -14.509  38.626 0.0000000000
14369  -4.252  -16.195  38.875 0.0000000000
14370  -3.980  -17.183  38.433 0.0000000000
14371  -4.318  -17.855  39.229 0.0000000000
14372  -4.713  -22.105  40.614 0.0000000000
14373  -4.247  -21.235  39.988 0.0000000000
14374  -4.389  -22.864  40.260 0.0000000000
14375  -4.467  -23.611  39.498 0.0000000000
14376  -4.754  -24.393  40.350 0.0000000000
18615  -4.866  -9.503  39.679 0.0000000000
18616  -4.675  -7.869  39.843 0.0000000000
18617  -4.476  -8.686  38.907 0.0000000000
18618  -3.850  -8.155  35.933 0.0000000000
18619  -4.144  -7.169  36.893 0.0000000000
18620  -3.973  -6.430  35.740 0.0000000000
18621  -4.081  -4.773  35.634 0.0000000000
18622  -3.839  -5.715  34.725 0.0000000000
18624  -3.759  -6.656  33.971 0.0000000000
18626  -4.728  -8.835  33.087 0.0000000000
18637  -4.028  -19.098  36.854 0.0000000000
18638  -3.946  -18.411  35.469 0.0000000000
18639  -4.071  -19.949  35.739 0.0000000000
23594  -6.838  -14.127  39.323 0.0000000000
23595  -7.105  -15.723  39.032 0.0000000000
23596  -6.371  -16.656  39.124 0.0000000000
23597  -5.579  -17.821  39.475 0.0000000000
23598  -4.874  -18.697  39.706 0.0000000000
23599  -5.537  -19.569  39.902 0.0000000000
23600  -5.401  -21.331  40.437 0.0000000000
23601  -5.413  -22.960  40.874 0.0000000000
26145  -4.191  -11.208  38.230 0.0000000000
26146  -4.245  -9.583  38.055 0.0000000000
26147  -3.957  -10.534  37.207 0.0000000000
26148  -3.776  -9.850  36.123 0.0000000000
26149  -3.551  -9.145  35.041 0.0000000000
26150  -3.593  -8.448  34.066 0.0000000000
26151  -3.450  -10.247  34.175 0.0000000000
26152  -3.646  -11.286  33.477 0.0000000000
26158  -4.410  -22.042  37.293 0.0000000000
26159  -4.323  -21.393  35.972 0.0000000000
26160  -4.640  -22.844  36.067 0.0000000000
30094  -5.506  -10.337  40.092 0.0000000000
30095  -5.005  -11.087  39.557 0.0000000000
30096  -5.996  -13.362  39.377 0.0000000000
30097  -5.214  -12.614  39.325 0.0000000000
30098  -4.592  -11.926  38.968 0.0000000000
30099  -4.059  -12.835  38.383 0.0000000000
30100  -3.828  -13.788  37.842 0.0000000000
30101  -3.783  -14.840  37.004 0.0000000000
30102  -3.806  -15.843  36.135 0.0000000000
30103  -3.918  -16.518  37.372 0.0000000000
30104  -3.963  -18.142  37.742 0.0000000000
30105  -3.954  -19.743  38.094 0.0000000000
30106  -4.278  -19.596  39.601 0.0000000000
30107  -3.984  -20.454  39.128 0.0000000000
30108  -4.055  -21.266  38.342 0.0000000000
30109  -4.384  -22.772  38.446 0.0000000000
35634  -4.282  -5.420  38.885 0.0000000000
35635  -4.262  -7.950  37.987 0.0000000000
35636  -4.248  -6.301  38.020 0.0000000000
35637  -4.270  -4.647  37.851 0.0000000000
35638  -4.251  -3.830  36.647 0.0000000000
35644  -4.075  -7.741  33.432 0.0000000000
35659  -3.823  -16.830  35.199 0.0000000000
35660  -3.743  -17.892  34.277 0.0000000000
35662  -4.032  -20.917  34.610 0.0000000000
39316  -6.462  -23.528  40.638 0.0000000000
39317  -5.853  -24.325  41.056 0.0000000000
39319  -6.375  -25.556  41.105 0.0000000000
39320  -5.381  -25.134  41.077 0.0000000000
310  -6.441  -64.524  38.988 0.0000000000
942  -5.671  -68.522  47.784 0.0000000000
943  -5.275  -69.168  43.680 0.0000000000
1710  -7.497  -59.299  41.594 0.0000000000
1944  -6.386  -63.234  43.209 0.0000000000
1945  -5.001  -69.830  39.518 0.0000000000
3810  -6.681  -61.447  40.622 0.0000000000
3811  -6.594  -59.208  39.752 0.0000000000
3812  -6.959  -61.987  38.570 0.0000000000
4268  -8.275  -61.197  44.160 0.0000000000
4269  -7.290  -63.377  44.937 0.0000000000
4270  -5.692  -71.652  41.491 0.0000000000
4271  -5.394  -69.479  41.640 0.0000000000
4272  -5.474  -71.665  39.510 0.0000000000
6030  -4.375  -67.747  37.230 0.0000000000
6031  -5.539  -65.101  36.571 0.0000000000
6032  -3.669  -68.331  35.038 0.0000000000
6304  -6.159  -65.478  47.803 0.0000000000
6305  -5.867  -65.725  45.717 0.0000000000
6306  -5.518  -68.870  45.747 0.0000000000
6307  -5.816  -71.727  43.375 0.0000000000
8430  -8.902  -59.184  43.457 0.0000000000
8431  -7.289  -61.249  42.328 0.0000000000
8432  -6.241  -63.711  41.271 0.0000000000
8433  -5.583  -66.035  43.787 0.0000000000
8434  -5.675  -66.575  41.618 0.0000000000
8435  -5.472  -67.153  39.174 0.0000000000
8436  -4.301  -70.275  37.599 0.0000000000
11490  -6.638  -62.881  40.001 0.0000000000
11491  -6.856  -61.717  39.701 0.0000000000
11492  -6.680  -63.246  38.758 0.0000000000
11948  -8.248  -62.231  45.540 0.0000000000
11949  -7.615  -63.294  45.960 0.0000000000
11951  -5.555  -71.669  40.493 0.0000000000
13890  -3.834  -69.395  36.542 0.0000000000
13891  -3.935  -68.124  36.133 0.0000000000
13892  -3.725  -69.634  35.307 0.0000000000
14347  -5.812  -66.997  47.886 0.0000000000
14348  -5.646  -67.087  46.890 0.0000000000
14349  -5.646  -68.729  46.789 0.0000000000
14351  -5.859  -71.613  44.320 0.0000000000
17193  -6.923  -59.158  38.954 0.0000000000
17198  -5.115  -65.350  35.558 0.0000000000
17199  -6.018  -63.577  36.412 0.0000000000
18564  -9.751  -59.035  44.459 0.0000000000
18565  -7.510  -62.217  43.634 0.0000000000
18566  -7.819  -61.266  43.220 0.0000000000
18567  -6.930  -62.205  42.739 0.0000000000
18568  -6.568  -62.261  41.868 0.0000000000
18569  -6.039  -63.311  42.275 0.0000000000
18570  -5.464  -67.479  44.854 0.0000000000
18571  -5.669  -65.852  44.780 0.0000000000
18572  -5.393  -67.649  43.789 0.0000000000
18573  -5.275  -69.694  40.549 0.0000000000
18574  -5.428  -68.074  41.638 0.0000000000
18575  -5.398  -68.378  40.531 0.0000000000
18576  -5.747  -66.862  40.483 0.0000000000
18577  -5.125  -68.580  39.368 0.0000000000
18578  -4.586  -68.807  38.353 0.0000000000
18579  -4.602  -70.070  38.544 0.0000000000
23584  -5.886  -69.963  47.544 0.0000000000
23585  -5.764  -70.111  46.557 0.0000000000
25290  -6.945  -60.250  41.051 0.0000000000
25291  -6.870  -59.153  40.655 0.0000000000
25292  -6.680  -60.314  40.203 0.0000000000
25293  -6.940  -60.416  39.349 0.0000000000
25294  -7.161  -60.605  38.360 0.0000000000
26114  -9.135  -60.080  44.770 0.0000000000
26115  -8.678  -61.110  45.154 0.0000000000
26116  -7.946  -62.209  44.544 0.0000000000
26117  -6.860  -63.268  44.066 0.0000000000
26118  -5.476  -70.594  42.585 0.0000000000
26119  -5.351  -69.346  42.657 0.0000000000
26120  -5.455  -70.675  41.593 0.0000000000
26121  -5.271  -70.703  40.607 0.0000000000
26122  -5.094  -70.800  39.575 0.0000000000
26123  -4.954  -70.912  38.564 0.0000000000
29430  -5.488  -66.166  37.912 0.0000000000
29431  -6.049  -64.867  37.672 0.0000000000
29432  -4.855  -66.461  36.845 0.0000000000
29433  -4.400  -66.749  35.825 0.0000000000
29434  -4.111  -66.990  34.770 0.0000000000
29436  -3.524  -68.596  33.873 0.0000000000
30070  -6.915  -64.281  47.487 0.0000000000
30071  -6.805  -64.394  46.436 0.0000000000
30072  -6.025  -65.580  46.748 0.0000000000
30073  -5.565  -67.292  45.885 0.0000000000
30074  -5.358  -69.005  44.761 0.0000000000
30075  -5.619  -70.308  45.514 0.0000000000
30076  -5.427  -70.361  44.521 0.0000000000
30077  -5.426  -70.481  43.548 0.0000000000
30078  -5.740  -71.727  42.453 0.0000000000
33881  -6.422  -63.483  37.566 0.0000000000
33882  -6.694  -62.158  37.438 0.0000000000
35570  -8.165  -59.268  42.518 0.0000000000
35571  -8.539  -60.182  43.816 0.0000000000
35572  -7.996  -60.256  42.874 0.0000000000
35573  -7.450  -60.234  41.947 0.0000000000
35574  -6.836  -61.234  41.474 0.0000000000
35575  -6.425  -62.489  40.966 0.0000000000
35576  -6.459  -64.083  40.183 0.0000000000
35577  -6.560  -64.460  45.420 0.0000000000
35578  -6.150  -64.427  44.487 0.0000000000
35579  -5.864  -64.543  43.595 0.0000000000
35580  -5.415  -67.864  42.724 0.0000000000
35581  -5.591  -66.278  42.678 0.0000000000
35582  -5.813  -64.829  42.533 0.0000000000
35583  -6.043  -65.107  41.495 0.0000000000
35584  -6.165  -65.420  40.371 0.0000000000
35585  -5.987  -65.815  39.085 0.0000000000
35586  -4.945  -67.465  38.113 0.0000000000
35587  -4.163  -69.055  37.461 0.0000000000
35588  -4.234  -70.537  36.613 0.0000000000
35589  -5.031  -71.067  37.594 0.0000000000
73  -9.658  -54.801  44.786 0.0000000000
582  -10.879  -48.491  43.832 0.0000000000
1290  -6.067  -52.224  47.693 0.0000000000
1291  -8.279  -48.549  46.954 0.0000000000
1292  -8.104  -52.112  43.599 0.0000000000
1711  -8.076  -55.132  40.243 0.0000000000
2383  -7.554  -44.225  45.643 0.0000000000
2384  -7.150  -43.709  42.981 0.0000000000
2385  -11.070  -52.055  40.014 0.0000000000
2386  -13.405  -47.059  40.354 0.0000000000
2387  -8.459  -41.792  40.794 0.0000000000
3210  -7.052  -53.614  46.138 0.0000000000
3211  -6.834  -52.169  45.466 0.0000000000
3212  -8.042  -53.355  44.288 0.0000000000
5313  -9.426  -48.556  45.312 0.0000000000
5314  -7.113  -46.327  45.805 0.0000000000
5315  -8.000  -46.306  44.200 0.0000000000
5316  -6.926  -43.994  44.171 0.0000000000
5317  -9.467  -45.894  42.859 0.0000000000
5318  -7.729  -54.636  38.249 0.0000000000
5319  -9.424  -53.606  40.056 0.0000000000
5320  -10.066  -53.229  37.977 0.0000000000
5322  -14.366  -49.277  38.658 0.0000000000
5324  -11.663  -44.033  40.032 0.0000000000
6930  -7.449  -51.052  49.462 0.0000000000
6931  -7.811  -48.535  48.910 0.0000000000
6932  -7.746  -50.925  47.327 0.0000000000
6933  -8.729  -51.010  45.525 0.0000000000
6934  -9.866  -50.909  43.764 0.0000000000
7830  -9.617  -57.253  42.928 0.0000000000
7831  -9.403  -55.316  42.327 0.0000000000
7832  -7.987  -57.131  40.834 0.0000000000
7833  -6.918  -56.579  38.815 0.0000000000
8418  -5.969  -52.259  49.971 0.0000000000
8419  -6.227  -53.714  48.224 0.0000000000
8420  -9.117  -54.511  46.766 0.0000000000
8429  -10.941  -56.619  45.150 0.0000000000
9705  -6.711  -46.471  47.688 0.0000000000
9710  -7.780  -41.198  43.929 0.0000000000
9711  -9.004  -53.403  42.308 0.0000000000
9712  -9.566  -52.099  41.688 0.0000000000
9713  -11.274  -50.611  41.888 0.0000000000
9714  -12.459  -51.665  38.286 0.0000000000
9715  -12.904  -50.111  40.309 0.0000000000
9716  -12.236  -47.963  42.117 0.0000000000
9717  -10.619  -45.069  41.445 0.0000000000
9718  -7.657  -42.781  42.007 0.0000000000
9719  -6.540  -40.527  43.510 0.0000000000
10890  -8.375  -54.056  45.476 0.0000000000
10891  -7.546  -53.500  45.173 0.0000000000
10892  -8.684  -54.046  44.532 0.0000000000
12993  -10.129  -48.576  44.629 0.0000000000
12994  -8.800  -47.331  44.766 0.0000000000
12995  -9.568  -47.312  44.038 0.0000000000
12996  -8.721  -46.169  43.530 0.0000000000
12997  -10.354  -47.137  43.351 0.0000000000
12998  -8.515  -54.835  37.405 0.0000000000
12999  -8.929  -53.808  38.026 0.0000000000
13000  -9.647  -53.944  37.200 0.0000000000
15390  -6.547  -51.685  48.508 0.0000000000
15391  -7.495  -50.959  48.322 0.0000000000
15392  -6.871  -51.583  47.486 0.0000000000
15393  -7.385  -52.127  44.545 0.0000000000
15394  -7.680  -51.576  45.434 0.0000000000
15395  -8.242  -51.573  44.510 0.0000000000
15396  -9.277  -51.002  44.650 0.0000000000
15397  -8.857  -51.533  43.555 0.0000000000
17190  -8.441  -58.229  42.257 0.0000000000
17191  -8.838  -57.282  41.787 0.0000000000
17192  -7.634  -58.245  41.239 0.0000000000
17194  -6.672  -57.952  39.310 0.0000000000
17195  -6.902  -57.879  38.450 0.0000000000
17196  -7.183  -56.694  38.123 0.0000000000
18538  -7.454  -54.160  47.406 0.0000000000
18563  -10.191  -57.995  44.272 0.0000000000
21698  -7.963  -48.472  47.885 0.0000000000
21699  -7.218  -47.486  48.219 0.0000000000
21700  -7.471  -47.416  47.255 0.0000000000
21701  -6.759  -45.235  45.536 0.0000000000
21702  -6.907  -45.331  46.430 0.0000000000
21708  -7.031  -43.920  43.523 0.0000000000
21709  -7.819  -42.818  44.611 0.0000000000
21710  -7.288  -42.568  44.192 0.0000000000
21712  -6.806  -42.332  43.862 0.0000000000
21713  -8.825  -55.359  41.234 0.0000000000
21714  -9.168  -54.395  42.406 0.0000000000
21715  -8.825  -54.476  41.243 0.0000000000
21716  -10.276  -52.940  39.960 0.0000000000
21717  -9.767  -52.826  40.962 0.0000000000
21718  -10.332  -52.096  40.832 0.0000000000
21719  -10.266  -51.374  41.666 0.0000000000
21720  -11.108  -51.261  40.896 0.0000000000
21722  -11.907  -52.199  37.228 0.0000000000
21723  -13.143  -51.356  37.398 0.0000000000
21724  -14.117  -48.222  39.564 0.0000000000
21725  -13.663  -49.750  39.502 0.0000000000
21726  -13.507  -48.688  40.471 0.0000000000
21727  -12.848  -49.100  41.330 0.0000000000
21728  -12.877  -47.583  41.291 0.0000000000
21729  -11.613  -46.483  41.790 0.0000000000
21730  -12.200  -46.041  40.995 0.0000000000
21731  -10.172  -42.753  40.209 0.0000000000
21732  -9.733  -43.302  40.907 0.0000000000
21733  -7.996  -42.297  41.401 0.0000000000
21734  -6.413  -41.831  42.863 0.0000000000
21735  -6.553  -41.507  42.204 0.0000000000
21736  -6.124  -40.381  43.066 0.0000000000
21737  -6.815  -41.173  41.519 0.0000000000
24210  -6.082  -52.917  46.819 0.0000000000
24211  -6.412  -52.159  46.535 0.0000000000
24212  -6.582  -52.855  45.784 0.0000000000
24213  -7.091  -52.794  44.807 0.0000000000
24214  -7.791  -52.661  43.903 0.0000000000
27995  -8.740  -48.547  46.049 0.0000000000
27996  -7.713  -47.387  46.334 0.0000000000
27997  -8.105  -47.336  45.490 0.0000000000
27998  -7.494  -46.320  44.981 0.0000000000
27999  -6.916  -45.268  44.699 0.0000000000
28000  -7.157  -44.086  44.906 0.0000000000
28001  -7.227  -45.258  43.967 0.0000000000
28002  -7.728  -45.071  43.315 0.0000000000
28003  -8.222  -44.717  42.624 0.0000000000
28004  -7.676  -54.779  39.293 0.0000000000
28005  -8.602  -54.324  40.219 0.0000000000
28006  -8.507  -53.995  39.194 0.0000000000
28007  -9.660  -53.440  39.022 0.0000000000
28008  -10.733  -52.816  38.974 0.0000000000
28012  -14.684  -47.658  38.576 0.0000000000
28013  -13.830  -46.488  39.404 0.0000000000
28014  -12.656  -45.516  40.148 0.0000000000
31532  -8.068  -49.842  49.352 0.0000000000
31533  -8.152  -49.786  48.217 0.0000000000
31534  -8.370  -49.830  47.281 0.0000000000
31535  -7.230  -51.622  46.374 0.0000000000
31536  -8.166  -50.907  46.454 0.0000000000
31537  -8.791  -49.881  46.332 0.0000000000
31538  -9.378  -49.967  45.568 0.0000000000
31539  -10.031  -50.011  44.778 0.0000000000
31540  -10.782  -49.974  43.962 0.0000000000
33870  -10.187  -55.938  43.829 0.0000000000
33871  -9.630  -55.039  43.582 0.0000000000
33872  -9.754  -56.169  42.606 0.0000000000
33873  -8.911  -56.249  41.411 0.0000000000
33874  -8.123  -56.040  40.444 0.0000000000
33875  -6.927  -58.087  40.277 0.0000000000
33876  -7.206  -56.876  39.926 0.0000000000
33877  -7.435  -55.678  39.532 0.0000000000
33878  -7.305  -55.621  38.592 0.0000000000
33879  -7.719  -55.755  37.811 0.0000000000
35533  -6.606  -51.718  49.583 0.0000000000
35534  -5.943  -52.216  48.813 0.0000000000
35535  -5.646  -52.943  50.170 0.0000000000
35536  -5.609  -52.938  49.082 0.0000000000
35537  -5.824  -52.922  47.884 0.0000000000
35538  -6.571  -53.620  47.123 0.0000000000
35539  -7.931  -54.063  46.462 0.0000000000
35540  -9.451  -54.572  45.763 0.0000000000
35566  -10.551  -55.225  46.022 0.0000000000
35567  -10.518  -55.625  44.913 0.0000000000
35568  -10.380  -56.977  44.032 0.0000000000
35569  -9.257  -58.205  43.241 0.0000000000
39354  -6.870  -46.422  46.720 0.0000000000
39369  -8.987  -54.182  43.505 0.0000000000
39370  -8.522  -53.352  43.279 0.0000000000
39371  -8.454  -52.619  42.956 0.0000000000
39372  -9.220  -53.520  41.170 0.0000000000
39373  -9.173  -52.732  41.975 0.0000000000
39374  -8.828  -52.064  42.609 0.0000000000
39375  -9.498  -51.433  42.582 0.0000000000
39376  -10.514  -50.795  42.779 0.0000000000
39377  -11.430  -49.754  43.066 0.0000000000
39378  -10.724  -53.077  37.108 0.0000000000
39379  -11.281  -52.478  38.078 0.0000000000
39380  -11.779  -51.889  39.134 0.0000000000
39381  -13.583  -50.645  38.499 0.0000000000
39382  -12.812  -50.969  39.301 0.0000000000
39383  -11.963  -51.151  40.153 0.0000000000
39384  -12.071  -50.325  41.082 0.0000000000
39385  -12.130  -49.448  42.155 0.0000000000
39386  -11.605  -48.300  42.979 0.0000000000
39387  -11.036  -46.864  42.581 0.0000000000
39388  -10.053  -45.529  42.178 0.0000000000
39389  -8.815  -44.316  42.080 0.0000000000
39390  -11.152  -44.587  40.797 0.0000000000
39391  -9.263  -43.835  41.579 0.0000000000
39392  -7.368  -43.294  42.503 0.0000000000
39393  -6.589  -42.090  43.410 0.0000000000
39394  -7.112  -40.841  43.706 0.0000000000
39396  -7.319  -39.408  43.281 0.0000000000
