#!ascii label , from subject fsaverage6 vox2ras=TkReg coords=white
841
29  8.292  -53.117  19.788 0.0000000000
408  10.790  -52.610  27.330 0.0000000000
543  4.662  -45.291  30.439 0.0000000000
767  4.828  -57.760  21.658 0.0000000000
771  6.241  -54.346  15.985 0.0000000000
920  8.345  -56.399  29.446 0.0000000000
1913  6.765  -57.099  25.495 0.0000000000
1914  9.452  -52.510  23.849 0.0000000000
2269  12.002  -47.893  30.633 0.0000000000
2270  7.704  -49.225  29.210 0.0000000000
2271  5.208  -49.644  25.627 0.0000000000
2279  5.100  -44.655  26.099 0.0000000000
2280  4.447  -48.480  20.919 0.0000000000
2281  6.598  -48.006  18.238 0.0000000000
2687  6.817  -55.847  20.623 0.0000000000
2688  4.393  -59.018  19.173 0.0000000000
2689  5.375  -56.552  18.374 0.0000000000
2690  4.592  -57.405  16.284 0.0000000000
2691  7.297  -53.844  17.748 0.0000000000
4202  10.299  -54.850  28.243 0.0000000000
4203  7.569  -56.801  27.463 0.0000000000
4204  9.688  -55.076  26.274 0.0000000000
4205  9.049  -55.143  24.357 0.0000000000
4206  10.080  -52.575  25.588 0.0000000000
5035  6.541  -44.783  31.073 0.0000000000
5036  8.102  -46.948  30.935 0.0000000000
5037  5.738  -47.771  30.478 0.0000000000
5038  6.328  -49.450  27.650 0.0000000000
5039  4.626  -47.963  28.724 0.0000000000
5061  4.706  -46.799  23.661 0.0000000000
5063  5.188  -47.977  19.408 0.0000000000
5989  4.236  -60.425  22.353 0.0000000000
5997  5.611  -54.451  14.260 0.0000000000
6265  8.876  -55.873  31.205 0.0000000000
6266  10.752  -54.387  30.101 0.0000000000
6267  11.599  -52.414  29.031 0.0000000000
8348  4.660  -58.694  26.449 0.0000000000
8349  4.414  -59.383  24.412 0.0000000000
8350  5.829  -57.284  23.579 0.0000000000
8351  8.111  -55.343  22.506 0.0000000000
8352  8.871  -52.620  21.890 0.0000000000
9368  12.805  -49.997  30.254 0.0000000000
9369  11.175  -50.215  29.111 0.0000000000
9370  10.607  -45.940  31.055 0.0000000000
9371  9.712  -48.580  30.139 0.0000000000
9372  9.750  -50.383  27.838 0.0000000000
9373  8.503  -50.508  26.408 0.0000000000
9374  7.541  -50.584  24.657 0.0000000000
9375  6.799  -50.634  22.775 0.0000000000
9399  4.271  -45.025  28.354 0.0000000000
9400  4.247  -47.564  26.035 0.0000000000
9401  4.488  -49.411  23.180 0.0000000000
9402  6.243  -50.416  20.413 0.0000000000
9403  6.218  -50.363  18.382 0.0000000000
9404  6.207  -50.347  16.691 0.0000000000
9405  6.280  -50.148  15.307 0.0000000000
9408  6.570  -49.788  14.174 0.0000000000
10367  7.806  -54.710  20.080 0.0000000000
10368  5.952  -56.270  19.477 0.0000000000
10369  7.017  -55.067  18.926 0.0000000000
10370  6.258  -55.407  17.976 0.0000000000
10371  7.883  -53.417  18.756 0.0000000000
11882  10.803  -53.800  27.727 0.0000000000
11883  10.045  -54.985  27.276 0.0000000000
11884  10.482  -53.888  26.742 0.0000000000
11885  10.148  -53.897  25.784 0.0000000000
11886  10.463  -52.623  26.484 0.0000000000
12715  5.454  -45.118  30.909 0.0000000000
12716  6.045  -46.349  30.933 0.0000000000
12717  5.142  -46.635  30.520 0.0000000000
12718  5.001  -47.992  29.719 0.0000000000
12719  4.572  -46.711  29.795 0.0000000000
13822  4.340  -58.955  22.009 0.0000000000
13823  4.395  -61.007  21.290 0.0000000000
13824  4.272  -59.764  20.763 0.0000000000
13825  4.695  -59.463  18.104 0.0000000000
13832  5.192  -55.935  16.139 0.0000000000
13833  4.620  -57.608  15.320 0.0000000000
13834  4.959  -56.158  15.098 0.0000000000
13835  4.929  -56.227  14.133 0.0000000000
13836  5.902  -54.470  15.112 0.0000000000
14283  11.108  -54.197  30.923 0.0000000000
14284  11.724  -53.278  30.375 0.0000000000
14285  11.380  -53.450  29.525 0.0000000000
14286  12.104  -52.307  29.877 0.0000000000
18369  6.741  -57.212  29.056 0.0000000000
18370  7.142  -56.891  26.459 0.0000000000
18371  5.804  -57.497  27.077 0.0000000000
18372  5.448  -57.712  26.069 0.0000000000
18373  4.549  -59.011  25.415 0.0000000000
18374  5.101  -57.899  25.110 0.0000000000
18375  4.822  -58.154  24.149 0.0000000000
18376  6.346  -57.204  24.513 0.0000000000
18377  9.572  -53.861  23.971 0.0000000000
18378  8.684  -55.161  23.467 0.0000000000
18379  9.220  -53.903  23.046 0.0000000000
18380  8.807  -54.071  22.064 0.0000000000
18381  9.165  -52.531  22.880 0.0000000000
20862  12.476  -48.893  30.385 0.0000000000
20863  11.977  -50.097  29.646 0.0000000000
20864  11.472  -49.054  29.924 0.0000000000
20868  7.746  -48.309  30.484 0.0000000000
20869  8.883  -47.891  30.670 0.0000000000
20870  8.632  -48.939  29.812 0.0000000000
20871  9.533  -49.483  29.103 0.0000000000
20872  8.753  -49.688  28.468 0.0000000000
20873  9.105  -50.440  27.151 0.0000000000
20874  8.033  -49.793  27.842 0.0000000000
20875  5.766  -49.508  26.625 0.0000000000
20876  6.874  -49.950  26.059 0.0000000000
20877  6.276  -50.095  25.093 0.0000000000
20878  7.111  -50.588  23.716 0.0000000000
20879  5.808  -50.214  24.158 0.0000000000
20938  5.069  -43.292  26.918 0.0000000000
20939  4.415  -43.415  27.876 0.0000000000
20940  4.534  -44.821  27.188 0.0000000000
20941  4.347  -46.361  27.352 0.0000000000
20942  4.518  -46.127  26.097 0.0000000000
20943  4.453  -47.657  22.332 0.0000000000
20944  4.255  -48.057  23.412 0.0000000000
20945  4.357  -48.951  22.053 0.0000000000
20946  5.144  -49.915  21.823 0.0000000000
20947  4.994  -49.665  20.671 0.0000000000
20948  6.218  -50.379  19.390 0.0000000000
20949  4.947  -49.392  19.681 0.0000000000
20950  5.825  -47.940  18.770 0.0000000000
20951  5.275  -48.978  17.985 0.0000000000
20952  5.593  -48.886  17.245 0.0000000000
20953  6.298  -50.312  15.931 0.0000000000
20954  5.970  -48.674  16.679 0.0000000000
23269  5.810  -56.794  21.168 0.0000000000
23270  4.490  -58.348  20.460 0.0000000000
23271  5.130  -57.226  20.031 0.0000000000
23272  4.681  -57.726  18.812 0.0000000000
23273  4.545  -58.326  17.591 0.0000000000
23274  4.625  -58.676  16.629 0.0000000000
23275  4.839  -57.058  17.335 0.0000000000
23276  5.646  -55.726  17.094 0.0000000000
23277  6.721  -54.107  16.892 0.0000000000
25996  9.406  -55.717  28.840 0.0000000000
25997  7.986  -56.635  28.492 0.0000000000
25998  9.099  -55.960  27.838 0.0000000000
25999  8.718  -56.076  26.835 0.0000000000
26000  8.391  -56.165  25.832 0.0000000000
26001  8.057  -56.238  24.892 0.0000000000
26002  9.289  -55.167  25.280 0.0000000000
26003  9.864  -53.896  24.842 0.0000000000
26004  9.765  -52.560  24.688 0.0000000000
27495  7.778  -44.410  31.109 0.0000000000
27496  8.611  -45.456  31.043 0.0000000000
27497  7.301  -45.920  31.030 0.0000000000
27498  6.824  -47.436  30.836 0.0000000000
27499  6.667  -48.617  30.002 0.0000000000
27500  6.957  -49.341  28.472 0.0000000000
27501  5.908  -48.823  29.225 0.0000000000
27502  5.306  -48.939  28.284 0.0000000000
27503  4.810  -48.905  27.194 0.0000000000
27541  4.956  -45.792  25.000 0.0000000000
27543  5.393  -46.544  22.874 0.0000000000
27544  4.970  -47.311  21.448 0.0000000000
27545  4.744  -48.192  20.076 0.0000000000
27546  5.760  -47.237  20.895 0.0000000000
29335  4.338  -61.779  22.818 0.0000000000
29340  4.505  -60.380  19.607 0.0000000000
29355  5.463  -54.366  13.447 0.0000000000
29979  8.565  -56.086  30.329 0.0000000000
29980  10.242  -54.999  31.526 0.0000000000
29981  9.894  -55.205  30.661 0.0000000000
29982  9.629  -55.459  29.788 0.0000000000
29983  10.510  -54.599  29.149 0.0000000000
29984  11.071  -53.641  28.611 0.0000000000
29985  11.188  -52.521  28.215 0.0000000000
35332  6.238  -57.409  28.056 0.0000000000
35337  4.318  -61.352  23.703 0.0000000000
35338  4.318  -59.897  23.348 0.0000000000
35339  4.575  -58.456  23.113 0.0000000000
35340  5.372  -57.420  22.666 0.0000000000
35341  7.635  -56.316  23.987 0.0000000000
35342  7.118  -56.395  23.051 0.0000000000
35343  6.481  -56.530  22.116 0.0000000000
35344  7.454  -55.578  21.561 0.0000000000
35345  8.340  -54.382  21.041 0.0000000000
35346  8.571  -52.851  20.814 0.0000000000
38346  12.878  -51.110  30.433 0.0000000000
38347  12.190  -51.181  29.689 0.0000000000
38348  11.550  -51.246  28.977 0.0000000000
38349  10.971  -51.303  28.169 0.0000000000
38352  11.275  -46.983  30.905 0.0000000000
38353  9.359  -46.467  30.949 0.0000000000
38354  10.051  -47.366  30.768 0.0000000000
38355  10.831  -48.205  30.376 0.0000000000
38356  10.474  -49.305  29.553 0.0000000000
38357  10.389  -50.297  28.489 0.0000000000
38358  10.468  -51.402  27.441 0.0000000000
38359  9.976  -51.403  26.694 0.0000000000
38360  9.499  -51.399  25.902 0.0000000000
38361  9.099  -51.434  25.047 0.0000000000
38362  7.472  -49.917  26.949 0.0000000000
38363  8.025  -50.587  25.566 0.0000000000
38364  8.743  -51.373  24.130 0.0000000000
38365  8.363  -51.352  23.254 0.0000000000
38366  8.085  -51.352  22.281 0.0000000000
38367  7.864  -51.398  21.253 0.0000000000
38430  4.271  -43.771  30.010 0.0000000000
38438  4.159  -43.620  28.968 0.0000000000
38439  4.240  -45.227  29.494 0.0000000000
38440  4.323  -46.589  28.617 0.0000000000
38441  4.358  -47.797  27.382 0.0000000000
38442  4.438  -48.747  25.894 0.0000000000
38443  4.348  -47.211  24.785 0.0000000000
38444  4.262  -48.567  24.580 0.0000000000
38445  4.765  -49.645  24.373 0.0000000000
38446  5.397  -50.172  22.960 0.0000000000
38447  6.439  -50.543  21.633 0.0000000000
38448  7.819  -51.532  19.994 0.0000000000
38449  7.535  -51.695  18.953 0.0000000000
38450  7.310  -51.938  17.952 0.0000000000
38451  7.047  -52.159  16.993 0.0000000000
38452  5.088  -49.184  18.763 0.0000000000
38453  6.169  -50.349  17.536 0.0000000000
38454  6.856  -52.260  16.146 0.0000000000
38455  6.584  -52.419  15.322 0.0000000000
38456  6.298  -52.353  14.610 0.0000000000
38457  6.157  -52.170  13.912 0.0000000000
38464  6.529  -48.743  16.212 0.0000000000
38465  6.348  -49.929  14.712 0.0000000000
38466  6.144  -51.854  13.291 0.0000000000
185  7.417  -59.660  37.467 0.0000000000
287  4.889  -62.787  23.477 0.0000000000
407  5.485  -60.182  30.728 0.0000000000
918  6.512  -59.455  34.456 0.0000000000
1909  5.594  -65.574  35.565 0.0000000000
1910  4.936  -66.611  31.854 0.0000000000
1911  5.991  -66.924  28.613 0.0000000000
1912  4.592  -61.575  26.948 0.0000000000
3742  6.991  -64.107  25.264 0.0000000000
4192  5.953  -61.799  38.285 0.0000000000
4193  5.175  -65.090  37.197 0.0000000000
4194  5.861  -62.118  36.878 0.0000000000
4195  5.998  -59.648  32.692 0.0000000000
4196  6.298  -62.814  33.015 0.0000000000
4197  5.423  -63.265  31.240 0.0000000000
4198  4.931  -67.169  30.062 0.0000000000
4199  4.642  -63.911  29.431 0.0000000000
4200  4.616  -64.548  27.601 0.0000000000
4201  4.955  -60.990  28.885 0.0000000000
6260  6.951  -59.489  36.092 0.0000000000
6261  8.073  -57.626  35.306 0.0000000000
6262  7.482  -57.275  33.785 0.0000000000
6263  6.724  -57.285  32.140 0.0000000000
6264  6.070  -57.803  30.415 0.0000000000
8336  5.353  -68.504  35.838 0.0000000000
8337  5.268  -68.810  34.100 0.0000000000
8338  6.281  -62.440  35.080 0.0000000000
8339  5.445  -66.132  33.634 0.0000000000
8340  5.822  -68.952  32.443 0.0000000000
8341  7.132  -68.271  31.192 0.0000000000
8344  7.436  -66.038  27.424 0.0000000000
8345  5.487  -64.567  26.157 0.0000000000
8346  4.466  -62.299  24.998 0.0000000000
8347  5.290  -58.258  28.503 0.0000000000
11422  5.835  -63.488  24.384 0.0000000000
11872  6.740  -60.712  37.875 0.0000000000
11873  5.816  -61.895  37.566 0.0000000000
11874  6.481  -60.710  37.239 0.0000000000
11875  5.721  -59.906  31.725 0.0000000000
11876  5.978  -61.424  31.776 0.0000000000
11877  5.514  -61.768  30.881 0.0000000000
11878  4.990  -63.639  30.337 0.0000000000
11879  5.154  -62.058  30.013 0.0000000000
11880  4.835  -62.457  29.125 0.0000000000
11881  5.218  -60.596  29.861 0.0000000000
14273  8.265  -57.779  36.065 0.0000000000
14276  8.887  -56.504  34.165 0.0000000000
14277  8.623  -56.353  33.359 0.0000000000
14278  7.129  -57.235  32.994 0.0000000000
14279  8.306  -56.429  32.533 0.0000000000
14280  7.893  -56.586  31.710 0.0000000000
14281  9.294  -55.709  32.042 0.0000000000
18340  5.388  -65.361  36.394 0.0000000000
18341  5.224  -66.985  36.524 0.0000000000
18342  5.333  -67.153  35.650 0.0000000000
18343  5.320  -68.631  34.965 0.0000000000
18344  5.270  -67.322  34.754 0.0000000000
18345  6.727  -59.480  35.304 0.0000000000
18346  6.424  -60.776  35.613 0.0000000000
18347  6.495  -60.823  34.750 0.0000000000
18348  5.613  -64.649  32.439 0.0000000000
18349  5.939  -64.582  33.366 0.0000000000
18350  5.177  -66.349  32.724 0.0000000000
18351  4.991  -67.744  32.976 0.0000000000
18352  5.022  -68.059  32.075 0.0000000000
18353  6.438  -68.716  31.720 0.0000000000
18354  5.330  -68.296  31.250 0.0000000000
18355  5.301  -67.151  29.301 0.0000000000
18356  6.523  -67.978  29.859 0.0000000000
18357  7.202  -67.476  29.236 0.0000000000
18359  7.852  -66.862  28.695 0.0000000000
18361  6.735  -66.522  27.987 0.0000000000
18362  4.417  -63.108  27.233 0.0000000000
18363  4.933  -64.623  26.789 0.0000000000
18364  4.565  -63.326  26.344 0.0000000000
18365  4.820  -63.485  25.568 0.0000000000
18366  4.505  -61.943  25.934 0.0000000000
18367  7.204  -56.977  29.982 0.0000000000
18368  5.722  -58.049  29.491 0.0000000000
25168  8.113  -64.594  25.817 0.0000000000
25979  5.006  -64.767  38.048 0.0000000000
25980  5.267  -63.249  37.852 0.0000000000
25981  5.407  -63.515  37.069 0.0000000000
25982  5.698  -63.804  36.245 0.0000000000
25983  6.242  -59.546  33.574 0.0000000000
25984  6.499  -60.963  33.749 0.0000000000
25985  6.342  -61.110  32.765 0.0000000000
25986  5.884  -63.058  32.093 0.0000000000
25987  5.191  -64.929  31.542 0.0000000000
25988  4.851  -66.990  30.943 0.0000000000
25989  4.855  -65.222  30.644 0.0000000000
25990  4.691  -65.482  29.774 0.0000000000
25991  4.711  -65.739  28.882 0.0000000000
25992  5.100  -65.827  28.095 0.0000000000
25993  4.480  -64.267  28.534 0.0000000000
25994  4.551  -62.770  28.238 0.0000000000
25995  4.738  -61.250  27.950 0.0000000000
29965  7.940  -58.743  37.141 0.0000000000
29966  7.232  -59.558  36.793 0.0000000000
29967  7.799  -58.709  36.433 0.0000000000
29968  7.452  -58.525  35.699 0.0000000000
29969  7.070  -58.487  34.957 0.0000000000
29971  7.835  -57.449  34.540 0.0000000000
29972  6.688  -58.353  34.097 0.0000000000
29973  6.334  -58.316  33.305 0.0000000000
29974  6.036  -58.452  32.428 0.0000000000
29975  5.720  -58.619  31.524 0.0000000000
29976  5.417  -58.868  30.668 0.0000000000
29977  6.399  -57.521  31.328 0.0000000000
29978  7.487  -56.780  30.855 0.0000000000
32454  7.641  -59.744  38.144 0.0000000000
32463  8.032  -58.811  37.824 0.0000000000
35296  5.006  -66.681  37.442 0.0000000000
35297  5.208  -68.390  36.713 0.0000000000
35298  5.686  -69.381  36.268 0.0000000000
35299  5.821  -69.446  35.462 0.0000000000
35300  5.961  -69.571  34.638 0.0000000000
35302  6.434  -60.671  36.424 0.0000000000
35303  6.020  -62.274  35.996 0.0000000000
35304  5.957  -64.072  35.384 0.0000000000
35305  6.449  -62.627  34.054 0.0000000000
35306  6.084  -64.315  34.322 0.0000000000
35307  5.597  -65.848  34.584 0.0000000000
35308  5.116  -67.547  33.818 0.0000000000
35309  5.400  -68.950  33.222 0.0000000000
35314  5.910  -68.275  30.565 0.0000000000
35315  7.883  -67.768  30.616 0.0000000000
35322  8.267  -65.444  26.967 0.0000000000
35323  5.652  -65.671  27.366 0.0000000000
35324  6.397  -65.437  26.750 0.0000000000
35325  7.248  -65.096  26.226 0.0000000000
35326  6.253  -64.424  25.648 0.0000000000
35327  5.233  -63.547  24.924 0.0000000000
35328  4.528  -62.637  24.145 0.0000000000
35329  5.214  -59.202  29.771 0.0000000000
35330  4.962  -59.489  28.794 0.0000000000
35331  4.692  -59.662  27.785 0.0000000000
35333  4.846  -58.354  27.520 0.0000000000
35334  4.583  -60.038  26.708 0.0000000000
35335  4.473  -60.490  25.625 0.0000000000
35336  4.404  -60.890  24.650 0.0000000000
127  6.142  -34.637  34.786 0.0000000000
278  6.027  -37.613  42.181 0.0000000000
541  8.441  -45.374  40.067 0.0000000000
542  12.782  -42.617  33.261 0.0000000000
1195  6.040  -36.195  39.061 0.0000000000
1196  8.880  -39.785  37.642 0.0000000000
1197  9.012  -38.600  33.819 0.0000000000
1198  9.072  -43.921  31.180 0.0000000000
1199  5.839  -39.563  31.884 0.0000000000
1655  4.405  -32.056  40.253 0.0000000000
2266  5.913  -41.715  40.554 0.0000000000
2267  12.182  -43.651  37.303 0.0000000000
2274  5.305  -29.845  34.860 0.0000000000
2277  4.087  -34.022  30.658 0.0000000000
2278  4.679  -39.298  28.423 0.0000000000
3115  6.518  -35.109  37.032 0.0000000000
3116  8.208  -36.754  36.311 0.0000000000
3117  7.616  -36.490  34.180 0.0000000000
3118  7.594  -38.972  32.621 0.0000000000
3119  6.142  -36.879  32.686 0.0000000000
3718  4.758  -32.796  41.949 0.0000000000
5024  12.239  -46.306  39.103 0.0000000000
5027  5.910  -39.562  41.168 0.0000000000
5028  11.371  -40.799  35.518 0.0000000000
5029  10.418  -41.764  37.417 0.0000000000
5030  13.104  -42.849  35.382 0.0000000000
5031  14.610  -45.174  35.319 0.0000000000
5032  14.270  -44.926  33.227 0.0000000000
5034  12.814  -45.251  31.743 0.0000000000
5056  4.435  -36.690  29.457 0.0000000000
6758  5.747  -44.401  41.456 0.0000000000
6759  5.496  -37.101  40.851 0.0000000000
6760  6.550  -38.781  39.665 0.0000000000
6761  7.697  -37.741  38.114 0.0000000000
6762  9.614  -38.765  35.763 0.0000000000
6763  10.961  -40.578  33.433 0.0000000000
6764  11.339  -43.019  31.843 0.0000000000
6765  9.445  -41.080  32.154 0.0000000000
6766  7.426  -41.796  31.480 0.0000000000
6767  5.294  -42.298  30.943 0.0000000000
7701  4.817  -35.225  41.962 0.0000000000
7702  4.851  -34.361  39.861 0.0000000000
7703  5.335  -33.358  37.611 0.0000000000
9359  6.045  -42.152  41.801 0.0000000000
9360  6.712  -43.796  40.063 0.0000000000
9361  7.371  -40.910  39.170 0.0000000000
9362  8.619  -42.812  38.813 0.0000000000
9363  10.339  -44.536  38.846 0.0000000000
9364  13.705  -45.725  37.454 0.0000000000
9383  5.024  -30.896  37.783 0.0000000000
9384  5.361  -32.461  35.076 0.0000000000
9392  4.504  -31.734  32.510 0.0000000000
9393  4.840  -34.559  32.756 0.0000000000
9394  4.557  -36.957  31.368 0.0000000000
9395  4.281  -39.590  30.395 0.0000000000
9396  4.105  -42.209  29.449 0.0000000000
10795  6.510  -34.757  35.914 0.0000000000
10796  7.251  -35.572  35.613 0.0000000000
10797  6.838  -35.567  34.489 0.0000000000
10798  6.957  -36.651  33.372 0.0000000000
10799  6.214  -35.643  33.610 0.0000000000
12702  9.518  -46.067  40.232 0.0000000000
12703  11.346  -46.527  39.740 0.0000000000
12704  10.361  -45.743  39.617 0.0000000000
12707  5.992  -38.533  41.704 0.0000000000
12708  12.264  -41.570  34.388 0.0000000000
12709  12.263  -41.762  35.493 0.0000000000
12710  13.108  -42.660  34.296 0.0000000000
12711  13.926  -43.768  34.197 0.0000000000
12712  13.557  -43.709  33.205 0.0000000000
12713  13.604  -45.016  32.391 0.0000000000
12714  12.912  -43.842  32.405 0.0000000000
15105  5.765  -36.664  39.956 0.0000000000
15106  6.474  -37.481  39.297 0.0000000000
15107  6.854  -36.993  38.486 0.0000000000
15108  8.743  -37.501  34.908 0.0000000000
15109  8.957  -37.765  35.906 0.0000000000
15110  9.470  -38.542  34.744 0.0000000000
15111  10.366  -39.570  34.554 0.0000000000
15112  9.993  -39.582  33.632 0.0000000000
15113  10.283  -40.783  32.694 0.0000000000
15114  9.300  -39.765  32.933 0.0000000000
15115  6.754  -39.285  32.231 0.0000000000
15116  7.618  -40.349  32.021 0.0000000000
15117  6.639  -40.676  31.692 0.0000000000
15118  6.280  -42.088  31.292 0.0000000000
15119  5.606  -40.889  31.362 0.0000000000
16913  5.326  -35.454  42.576 0.0000000000
16914  5.453  -34.406  42.591 0.0000000000
16915  4.374  -32.459  41.257 0.0000000000
16916  4.469  -33.752  41.230 0.0000000000
16917  4.524  -33.261  40.134 0.0000000000
16918  5.061  -33.861  38.782 0.0000000000
16919  4.811  -32.822  38.981 0.0000000000
20838  5.922  -40.825  41.443 0.0000000000
20840  5.754  -41.936  41.222 0.0000000000
20841  5.768  -43.102  40.968 0.0000000000
20842  6.154  -42.816  40.264 0.0000000000
20843  7.724  -39.310  38.678 0.0000000000
20844  6.896  -39.812  39.401 0.0000000000
20845  8.218  -40.399  38.515 0.0000000000
20846  11.279  -42.676  37.364 0.0000000000
20847  9.634  -42.285  38.168 0.0000000000
20848  10.448  -43.176  38.138 0.0000000000
20849  9.470  -43.713  38.781 0.0000000000
20850  11.273  -44.042  38.161 0.0000000000
20851  12.185  -45.063  38.192 0.0000000000
20852  12.986  -44.686  37.307 0.0000000000
20865  10.268  -43.481  31.388 0.0000000000
20866  11.042  -44.531  31.358 0.0000000000
20867  9.865  -44.921  31.104 0.0000000000
20898  5.326  -28.948  36.105 0.0000000000
20899  5.110  -29.566  37.558 0.0000000000
20900  5.305  -30.353  36.357 0.0000000000
20901  5.342  -31.640  36.459 0.0000000000
20902  5.275  -31.209  35.018 0.0000000000
20922  4.183  -31.351  31.330 0.0000000000
20923  4.196  -32.836  31.527 0.0000000000
20924  4.589  -33.138  32.665 0.0000000000
20925  4.328  -34.368  31.736 0.0000000000
20926  4.641  -35.709  31.993 0.0000000000
20927  4.238  -35.540  30.990 0.0000000000
20928  4.611  -37.988  28.990 0.0000000000
20929  4.280  -38.153  29.897 0.0000000000
20930  4.251  -39.456  29.339 0.0000000000
20931  4.125  -40.929  29.954 0.0000000000
20932  4.178  -40.741  28.836 0.0000000000
24039  6.364  -35.612  38.128 0.0000000000
24040  7.110  -36.433  37.645 0.0000000000
24041  7.339  -35.917  36.632 0.0000000000
24042  8.085  -36.461  35.189 0.0000000000
24043  8.335  -37.487  33.964 0.0000000000
24044  8.372  -38.701  33.119 0.0000000000
24045  7.702  -37.728  33.182 0.0000000000
24046  6.851  -37.976  32.642 0.0000000000
24047  6.013  -38.196  32.183 0.0000000000
25124  5.537  -33.195  42.294 0.0000000000
25126  4.846  -31.554  41.742 0.0000000000
25127  4.410  -31.192  41.083 0.0000000000
27480  6.177  -39.753  41.764 0.0000000000
27481  5.848  -40.647  40.808 0.0000000000
27482  10.172  -40.240  36.581 0.0000000000
27483  9.628  -40.800  37.502 0.0000000000
27484  11.068  -41.244  36.547 0.0000000000
27485  11.939  -42.183  36.462 0.0000000000
27486  12.821  -43.218  36.419 0.0000000000
27487  13.584  -44.316  36.370 0.0000000000
27488  13.866  -43.956  35.290 0.0000000000
27489  14.619  -44.958  34.219 0.0000000000
27517  5.130  -28.367  34.604 0.0000000000
27532  4.215  -35.318  29.967 0.0000000000
31130  6.737  -45.036  40.638 0.0000000000
31131  5.510  -37.389  41.732 0.0000000000
31132  5.828  -38.297  40.999 0.0000000000
31133  5.979  -37.908  40.240 0.0000000000
31134  7.161  -38.307  38.910 0.0000000000
31135  8.342  -38.704  37.813 0.0000000000
31136  8.007  -37.253  37.287 0.0000000000
31137  8.784  -38.151  36.935 0.0000000000
31138  9.349  -39.203  36.739 0.0000000000
31139  10.420  -39.799  35.589 0.0000000000
31140  11.325  -40.527  34.438 0.0000000000
31141  11.920  -41.568  33.364 0.0000000000
31142  12.150  -42.720  32.397 0.0000000000
31143  11.266  -41.749  32.530 0.0000000000
31144  10.411  -42.076  31.949 0.0000000000
31145  9.345  -42.496  31.547 0.0000000000
31146  8.515  -40.058  32.405 0.0000000000
31147  8.506  -41.458  31.778 0.0000000000
31148  8.229  -42.913  31.308 0.0000000000
31149  7.015  -43.243  31.165 0.0000000000
31150  5.865  -43.579  31.026 0.0000000000
31151  4.947  -43.787  30.720 0.0000000000
33518  6.133  -36.696  42.429 0.0000000000
33519  5.375  -36.480  42.296 0.0000000000
33520  5.132  -36.183  41.487 0.0000000000
33521  5.209  -35.747  40.534 0.0000000000
33522  4.636  -34.140  42.134 0.0000000000
33523  4.732  -34.839  40.949 0.0000000000
33524  5.447  -35.286  39.517 0.0000000000
33525  5.723  -34.752  38.421 0.0000000000
33526  5.854  -34.304  37.348 0.0000000000
33527  5.930  -33.953  36.183 0.0000000000
38320  5.746  -43.340  41.608 0.0000000000
38321  6.040  -44.186  40.683 0.0000000000
38322  7.456  -44.652  39.971 0.0000000000
38323  6.062  -39.267  40.389 0.0000000000
38324  6.260  -40.340  40.064 0.0000000000
38325  6.472  -41.367  39.770 0.0000000000
38326  8.847  -41.347  38.308 0.0000000000
38327  7.842  -41.895  38.963 0.0000000000
38328  6.923  -42.382  39.581 0.0000000000
38329  7.632  -43.324  39.370 0.0000000000
38330  8.425  -44.169  39.331 0.0000000000
38331  9.310  -44.927  39.457 0.0000000000
38332  11.286  -45.402  38.925 0.0000000000
38333  13.029  -46.036  38.335 0.0000000000
38335  14.352  -45.447  36.426 0.0000000000
38350  12.085  -44.165  31.791 0.0000000000
38351  11.793  -45.520  31.286 0.0000000000
38388  4.429  -30.675  40.014 0.0000000000
38390  4.731  -30.120  38.804 0.0000000000
38391  4.671  -31.416  39.040 0.0000000000
38392  5.129  -32.172  37.813 0.0000000000
38393  5.470  -32.820  36.395 0.0000000000
38394  5.601  -33.578  35.066 0.0000000000
38415  4.781  -29.306  33.474 0.0000000000
38417  4.389  -30.270  32.302 0.0000000000
38418  4.866  -30.706  33.614 0.0000000000
38419  4.964  -32.093  33.735 0.0000000000
38420  5.132  -33.395  33.834 0.0000000000
38421  5.469  -34.667  33.760 0.0000000000
38422  5.390  -35.752  32.814 0.0000000000
38423  5.213  -36.943  32.120 0.0000000000
38424  5.028  -38.295  31.707 0.0000000000
38425  4.274  -36.830  30.385 0.0000000000
38426  4.447  -38.300  30.868 0.0000000000
38427  4.810  -39.689  31.300 0.0000000000
38428  4.623  -40.993  30.816 0.0000000000
38429  4.410  -42.334  30.427 0.0000000000
38436  4.729  -40.662  27.838 0.0000000000
38437  4.251  -42.053  28.338 0.0000000000
279  6.819  -28.317  40.774 0.0000000000
401  5.583  -14.189  39.816 0.0000000000
544  4.165  -23.411  33.712 0.0000000000
1200  3.906  -11.541  36.171 0.0000000000
1201  4.239  -18.756  37.664 0.0000000000
2272  6.836  -21.442  39.631 0.0000000000
2273  4.672  -25.653  39.080 0.0000000000
3120  3.779  -10.540  33.780 0.0000000000
3121  3.798  -14.121  34.224 0.0000000000
3717  6.593  -31.080  41.436 0.0000000000
3719  4.968  -30.253  41.441 0.0000000000
4168  4.644  -6.729  37.729 0.0000000000
5042  6.342  -17.687  39.699 0.0000000000
5043  4.160  -20.980  35.690 0.0000000000
5044  4.242  -22.039  38.554 0.0000000000
5045  4.672  -24.319  36.608 0.0000000000
5046  5.193  -27.945  37.146 0.0000000000
5047  4.919  -26.692  34.337 0.0000000000
6768  4.305  -12.807  38.690 0.0000000000
6769  4.661  -16.451  39.170 0.0000000000
6770  4.267  -15.228  36.830 0.0000000000
6771  3.872  -17.726  34.810 0.0000000000
8303  5.296  -11.034  39.709 0.0000000000
8304  4.337  -9.759  38.080 0.0000000000
8305  3.785  -8.524  35.497 0.0000000000
9378  7.021  -24.922  39.944 0.0000000000
9379  5.005  -20.040  39.606 0.0000000000
9380  5.258  -23.483  39.966 0.0000000000
9381  5.266  -26.986  40.645 0.0000000000
9382  4.622  -29.230  39.675 0.0000000000
10800  4.466  -10.082  33.203 0.0000000000
10801  4.264  -11.862  33.204 0.0000000000
11397  6.686  -29.704  41.130 0.0000000000
11398  5.679  -30.683  41.670 0.0000000000
11399  5.792  -29.233  41.346 0.0000000000
12722  5.954  -15.924  39.829 0.0000000000
12723  4.116  -22.204  34.690 0.0000000000
12724  4.378  -22.624  36.205 0.0000000000
12725  4.480  -23.803  35.179 0.0000000000
12726  4.909  -25.545  35.461 0.0000000000
12727  4.580  -25.003  34.057 0.0000000000
15120  4.108  -12.133  37.465 0.0000000000
15121  4.244  -13.930  37.870 0.0000000000
15122  4.122  -13.317  36.536 0.0000000000
15123  3.858  -15.406  33.334 0.0000000000
15124  3.832  -15.950  34.419 0.0000000000
15125  3.777  -17.166  33.481 0.0000000000
15126  3.791  -18.920  33.836 0.0000000000
18262  5.291  -9.678  39.705 0.0000000000
18263  4.684  -10.389  39.083 0.0000000000
18264  4.811  -8.931  38.939 0.0000000000
18265  4.271  -6.074  36.456 0.0000000000
18266  4.242  -7.653  36.545 0.0000000000
18267  3.799  -7.018  35.364 0.0000000000
18268  3.619  -7.993  34.409 0.0000000000
20885  7.826  -22.104  39.295 0.0000000000
20887  6.973  -23.167  39.733 0.0000000000
20888  4.410  -17.592  38.485 0.0000000000
20889  4.884  -18.303  39.372 0.0000000000
20890  4.429  -19.345  38.860 0.0000000000
20891  4.460  -23.840  38.846 0.0000000000
20892  4.535  -22.719  39.506 0.0000000000
20893  4.741  -24.568  39.745 0.0000000000
20894  5.287  -25.245  40.274 0.0000000000
20895  4.824  -26.292  40.015 0.0000000000
20896  4.766  -28.055  40.301 0.0000000000
20897  4.766  -27.477  39.282 0.0000000000
24048  3.648  -11.008  34.894 0.0000000000
24049  3.862  -12.819  35.223 0.0000000000
24050  3.766  -12.310  34.013 0.0000000000
24051  4.045  -13.637  33.244 0.0000000000
25125  5.573  -31.981  41.975 0.0000000000
25934  4.851  -7.472  39.013 0.0000000000
25936  4.594  -5.330  37.622 0.0000000000
27508  6.585  -19.577  39.573 0.0000000000
27509  4.169  -19.873  36.673 0.0000000000
27510  4.212  -20.408  38.119 0.0000000000
27511  4.235  -21.478  37.150 0.0000000000
27512  4.421  -23.225  37.651 0.0000000000
27513  4.676  -25.052  37.964 0.0000000000
27514  4.935  -26.861  38.143 0.0000000000
27515  5.037  -26.181  36.862 0.0000000000
27516  5.210  -27.329  35.741 0.0000000000
31152  4.750  -13.481  39.431 0.0000000000
31153  5.025  -15.315  39.692 0.0000000000
31154  4.439  -14.645  38.948 0.0000000000
31155  4.370  -15.828  38.142 0.0000000000
31156  4.282  -17.036  37.218 0.0000000000
31157  4.042  -14.632  35.450 0.0000000000
31158  4.121  -16.464  35.851 0.0000000000
31159  4.098  -18.189  36.241 0.0000000000
31160  3.978  -19.391  35.219 0.0000000000
31161  3.891  -20.591  34.210 0.0000000000
31162  3.880  -21.836  33.320 0.0000000000
35201  5.306  -12.542  39.729 0.0000000000
35202  4.664  -11.919  39.265 0.0000000000
35203  4.269  -11.259  38.395 0.0000000000
35204  4.070  -10.665  37.151 0.0000000000
35205  4.599  -8.289  37.851 0.0000000000
35206  4.158  -9.183  36.729 0.0000000000
35207  3.776  -10.045  35.815 0.0000000000
35208  3.566  -9.483  34.571 0.0000000000
35209  3.877  -8.995  33.621 0.0000000000
38376  6.964  -26.623  40.319 0.0000000000
38377  5.411  -17.058  39.657 0.0000000000
38378  5.684  -18.922  39.678 0.0000000000
38379  5.804  -20.720  39.823 0.0000000000
38380  4.416  -21.019  39.261 0.0000000000
38381  5.073  -21.729  39.857 0.0000000000
38382  6.014  -22.519  39.987 0.0000000000
38383  6.081  -24.209  40.100 0.0000000000
38384  6.047  -25.917  40.445 0.0000000000
38385  5.970  -27.598  40.931 0.0000000000
38386  5.110  -28.609  41.012 0.0000000000
38387  4.593  -29.718  40.700 0.0000000000
38389  4.883  -28.584  38.440 0.0000000000
38413  4.499  -26.259  32.934 0.0000000000
38414  4.667  -27.805  33.210 0.0000000000
66  14.077  -52.334  34.365 0.0000000000
186  12.069  -52.830  41.697 0.0000000000
917  10.273  -56.052  36.106 0.0000000000
919  9.627  -55.584  32.839 0.0000000000
921  12.590  -52.222  30.676 0.0000000000
1487  9.711  -56.053  39.246 0.0000000000
1488  13.656  -52.716  38.215 0.0000000000
2265  14.881  -48.077  37.869 0.0000000000
2268  15.401  -47.464  33.372 0.0000000000
2837  12.311  -54.220  35.394 0.0000000000
2838  10.140  -55.717  34.539 0.0000000000
2839  12.033  -54.101  33.534 0.0000000000
2840  11.444  -54.127  31.755 0.0000000000
2841  13.666  -52.184  32.430 0.0000000000
3437  10.329  -54.370  42.217 0.0000000000
3438  9.381  -55.885  41.075 0.0000000000
3439  11.120  -54.415  40.570 0.0000000000
3440  11.702  -54.393  38.806 0.0000000000
3441  13.010  -52.863  40.114 0.0000000000
5023  13.536  -48.292  39.656 0.0000000000
5033  14.054  -47.603  31.615 0.0000000000
6259  8.436  -57.814  36.740 0.0000000000
7311  8.512  -57.811  38.256 0.0000000000
7312  10.147  -56.245  37.637 0.0000000000
7313  12.144  -54.454  37.097 0.0000000000
7314  14.091  -52.582  36.273 0.0000000000
9354  12.665  -50.696  41.659 0.0000000000
9355  13.914  -50.737  40.077 0.0000000000
9356  14.865  -50.625  38.205 0.0000000000
9357  15.378  -50.378  36.035 0.0000000000
9365  15.657  -47.738  35.675 0.0000000000
9366  15.292  -50.070  33.807 0.0000000000
9367  14.395  -49.943  31.804 0.0000000000
10517  13.286  -53.345  34.896 0.0000000000
10518  12.262  -54.133  34.526 0.0000000000
10519  13.123  -53.312  33.944 0.0000000000
10520  12.910  -53.285  32.992 0.0000000000
10521  13.895  -52.281  33.430 0.0000000000
11117  11.232  -53.717  41.957 0.0000000000
11118  10.734  -54.448  41.443 0.0000000000
11119  11.745  -53.753  41.189 0.0000000000
11120  12.145  -53.726  40.378 0.0000000000
11121  12.601  -52.871  40.927 0.0000000000
14272  9.282  -57.010  36.403 0.0000000000
14274  9.218  -56.894  35.656 0.0000000000
14275  9.934  -55.620  33.732 0.0000000000
14282  12.129  -53.227  31.211 0.0000000000
16075  9.538  -55.941  40.187 0.0000000000
16076  8.867  -56.828  40.538 0.0000000000
16077  8.912  -56.881  39.595 0.0000000000
16078  8.483  -57.829  39.084 0.0000000000
16079  9.038  -56.939  38.686 0.0000000000
16080  9.162  -57.028  37.871 0.0000000000
16081  9.945  -56.200  38.402 0.0000000000
16082  12.745  -53.561  38.570 0.0000000000
16083  11.944  -54.418  37.946 0.0000000000
16084  12.981  -53.573  37.627 0.0000000000
16085  13.160  -53.523  36.695 0.0000000000
16086  13.904  -52.668  37.285 0.0000000000
20828  13.322  -50.718  40.849 0.0000000000
20829  13.249  -49.470  40.748 0.0000000000
20830  14.242  -48.223  38.797 0.0000000000
20831  14.515  -49.450  39.065 0.0000000000
20832  15.043  -49.371  38.062 0.0000000000
20833  15.191  -50.492  37.140 0.0000000000
20834  15.431  -49.261  37.026 0.0000000000
20853  15.257  -46.254  34.338 0.0000000000
20854  15.296  -46.467  35.443 0.0000000000
20855  15.692  -47.575  34.498 0.0000000000
20856  15.790  -48.938  34.677 0.0000000000
20857  15.571  -48.819  33.524 0.0000000000
20858  14.940  -49.994  32.784 0.0000000000
20859  15.036  -48.732  32.489 0.0000000000
20860  13.073  -47.685  31.026 0.0000000000
20861  13.482  -48.811  30.893 0.0000000000
23539  11.268  -55.148  35.800 0.0000000000
23540  10.231  -55.877  35.331 0.0000000000
23541  11.261  -54.963  34.994 0.0000000000
23542  11.089  -54.848  34.096 0.0000000000
23543  10.842  -54.850  33.198 0.0000000000
23544  10.588  -54.874  32.355 0.0000000000
23545  11.798  -54.106  32.638 0.0000000000
23546  12.565  -53.234  32.076 0.0000000000
23547  13.145  -52.181  31.522 0.0000000000
24619  9.513  -55.002  42.464 0.0000000000
24620  9.078  -55.803  41.935 0.0000000000
24621  9.870  -55.081  41.647 0.0000000000
24622  10.168  -55.118  40.823 0.0000000000
24623  10.417  -55.192  39.924 0.0000000000
24624  10.735  -55.248  39.049 0.0000000000
24625  11.480  -54.390  39.755 0.0000000000
24626  12.440  -53.642  39.514 0.0000000000
24627  13.359  -52.811  39.209 0.0000000000
27473  12.829  -48.399  40.432 0.0000000000
27474  12.206  -47.386  40.051 0.0000000000
27475  12.980  -47.205  39.363 0.0000000000
27476  13.719  -47.049  38.563 0.0000000000
27490  14.905  -46.193  33.262 0.0000000000
27491  14.823  -47.528  32.348 0.0000000000
27492  14.294  -46.232  32.371 0.0000000000
27493  13.495  -46.365  31.634 0.0000000000
27494  12.483  -46.629  31.183 0.0000000000
29970  9.111  -56.694  34.887 0.0000000000
32464  8.499  -57.843  37.481 0.0000000000
32465  9.238  -57.115  37.140 0.0000000000
32466  10.259  -56.177  36.858 0.0000000000
32467  11.004  -55.322  38.177 0.0000000000
32468  11.164  -55.338  37.374 0.0000000000
32469  11.211  -55.292  36.565 0.0000000000
32470  12.283  -54.391  36.243 0.0000000000
32471  13.318  -53.473  35.813 0.0000000000
32472  14.153  -52.456  35.310 0.0000000000
38304  12.485  -51.778  41.721 0.0000000000
38305  13.043  -51.838  40.968 0.0000000000
38306  13.595  -51.835  40.120 0.0000000000
38307  14.040  -51.805  39.248 0.0000000000
38308  13.933  -49.513  39.935 0.0000000000
38309  14.410  -50.644  39.172 0.0000000000
38310  14.370  -51.697  38.235 0.0000000000
38311  14.648  -51.654  37.212 0.0000000000
38312  14.797  -51.499  36.176 0.0000000000
38313  14.837  -51.419  35.105 0.0000000000
38334  14.385  -46.849  37.640 0.0000000000
38336  14.980  -46.650  36.596 0.0000000000
38337  15.396  -47.911  36.796 0.0000000000
38338  15.690  -49.118  35.841 0.0000000000
38339  15.457  -50.200  34.901 0.0000000000
38340  14.750  -51.273  34.069 0.0000000000
38341  14.507  -51.156  33.089 0.0000000000
38342  14.151  -51.078  32.104 0.0000000000
38343  13.591  -51.042  31.265 0.0000000000
38344  14.352  -48.743  31.612 0.0000000000
38345  13.656  -49.907  30.982 0.0000000000
