#!ascii label , from subject fsaverage6 vox2ras=TkReg coords=white
933
131  15.029  -93.245  5.345 0.0000000000
338  14.148  -86.735  5.327 0.0000000000
339  8.137  -94.489  -6.379 0.0000000000
340  3.609  -84.382  -4.703 0.0000000000
551  12.335  -101.930  3.668 0.0000000000
819  9.303  -86.636  -2.152 0.0000000000
1373  13.736  -98.423  4.723 0.0000000000
1374  15.391  -100.638  -3.053 0.0000000000
1375  18.056  -95.311  -1.848 0.0000000000
1376  6.665  -91.904  -11.698 0.0000000000
1377  10.578  -94.339  -9.154 0.0000000000
1760  13.552  -90.157  5.097 0.0000000000
1761  14.209  -91.396  -2.304 0.0000000000
1762  10.166  -90.510  0.017 0.0000000000
1763  5.341  -91.274  -5.888 0.0000000000
1764  5.644  -88.575  -9.611 0.0000000000
2293  9.040  -99.194  10.564 0.0000000000
2294  8.487  -95.980  7.624 0.0000000000
2296  4.351  -90.096  9.574 0.0000000000
2297  7.663  -91.464  5.956 0.0000000000
2485  13.757  -94.930  -7.074 0.0000000000
3293  14.795  -95.917  5.571 0.0000000000
3294  16.619  -96.985  2.021 0.0000000000
3295  17.072  -94.139  1.923 0.0000000000
3296  8.520  -89.375  -12.967 0.0000000000
3893  13.154  -88.881  5.301 0.0000000000
3894  12.824  -89.670  2.032 0.0000000000
3895  11.864  -88.303  2.372 0.0000000000
3896  5.437  -86.087  -2.934 0.0000000000
3897  6.694  -89.195  -3.469 0.0000000000
3898  4.244  -87.927  -5.667 0.0000000000
3899  4.519  -89.802  -8.847 0.0000000000
3900  4.271  -86.284  -7.694 0.0000000000
5089  7.424  -96.843  12.373 0.0000000000
5090  9.057  -97.365  9.516 0.0000000000
5091  6.564  -95.437  9.897 0.0000000000
5097  4.134  -87.403  9.150 0.0000000000
5098  4.916  -91.138  6.807 0.0000000000
5099  4.985  -88.249  6.836 0.0000000000
5100  8.013  -89.280  6.537 0.0000000000
5558  13.699  -102.450  3.854 0.0000000000
5560  14.867  -102.565  -0.021 0.0000000000
5561  16.381  -99.467  -6.275 0.0000000000
5566  10.930  -93.050  -4.616 0.0000000000
5567  13.779  -93.189  -4.631 0.0000000000
5568  10.534  -95.087  -6.486 0.0000000000
5570  12.914  -95.290  -10.398 0.0000000000
6081  12.389  -86.218  1.261 0.0000000000
6082  12.247  -84.322  0.011 0.0000000000
6083  8.068  -83.887  -1.019 0.0000000000
6084  4.371  -83.150  -1.170 0.0000000000
7079  12.373  -100.506  3.808 0.0000000000
7080  13.885  -101.541  0.141 0.0000000000
7081  15.008  -99.619  1.048 0.0000000000
7082  17.088  -98.348  -2.173 0.0000000000
7083  17.777  -97.036  -5.891 0.0000000000
7084  6.572  -93.961  -9.083 0.0000000000
7085  8.474  -95.219  -8.989 0.0000000000
7086  8.455  -93.044  -10.624 0.0000000000
7946  14.219  -91.190  4.924 0.0000000000
7947  16.215  -91.666  1.486 0.0000000000
7948  14.593  -90.367  1.525 0.0000000000
7949  12.124  -90.977  -1.682 0.0000000000
7950  8.921  -92.343  -3.697 0.0000000000
7951  9.370  -88.703  -0.465 0.0000000000
7952  7.618  -91.390  -2.495 0.0000000000
7953  6.473  -93.055  -6.253 0.0000000000
7954  5.328  -92.269  -9.639 0.0000000000
7955  5.739  -90.322  -11.460 0.0000000000
7956  8.172  -87.748  -11.986 0.0000000000
9434  11.636  -102.037  7.312 0.0000000000
9436  9.707  -100.505  10.848 0.0000000000
9437  10.717  -101.125  7.078 0.0000000000
9438  10.712  -99.488  7.042 0.0000000000
9439  11.717  -97.261  7.498 0.0000000000
9440  11.921  -94.964  7.094 0.0000000000
9447  5.357  -93.713  7.649 0.0000000000
9448  7.957  -94.115  6.114 0.0000000000
9449  11.435  -92.774  6.229 0.0000000000
9450  10.993  -90.946  6.447 0.0000000000
9451  10.980  -89.404  7.109 0.0000000000
10009  16.746  -92.647  -2.137 0.0000000000
10010  16.780  -94.180  -5.218 0.0000000000
10011  16.501  -95.789  -8.663 0.0000000000
10012  11.196  -96.211  -9.006 0.0000000000
10013  13.594  -96.446  -9.920 0.0000000000
10029  3.209  -80.693  -2.676 0.0000000000
10032  4.259  -82.031  -6.199 0.0000000000
10973  15.084  -94.522  5.551 0.0000000000
10974  16.120  -95.152  3.832 0.0000000000
10975  16.187  -93.692  3.803 0.0000000000
10976  10.001  -88.237  -13.722 0.0000000000
10977  10.496  -88.879  -13.376 0.0000000000
11573  13.616  -87.780  5.415 0.0000000000
11574  12.863  -88.498  3.790 0.0000000000
11575  13.257  -87.401  3.654 0.0000000000
11576  4.218  -85.314  -3.543 0.0000000000
11577  4.699  -87.016  -4.131 0.0000000000
11578  3.860  -86.114  -5.173 0.0000000000
11579  3.840  -87.010  -6.861 0.0000000000
11580  3.756  -85.170  -6.245 0.0000000000
12770  6.999  -96.123  11.284 0.0000000000
12777  3.964  -86.119  9.187 0.0000000000
12778  3.957  -87.710  7.863 0.0000000000
12779  4.083  -86.298  7.912 0.0000000000
12780  5.234  -86.883  7.132 0.0000000000
13238  12.941  -102.321  3.744 0.0000000000
13239  14.279  -102.506  1.871 0.0000000000
13240  13.447  -102.303  1.805 0.0000000000
13241  16.645  -98.891  -7.828 0.0000000000
13246  9.474  -93.972  -5.394 0.0000000000
13247  10.684  -94.213  -5.531 0.0000000000
13248  9.168  -94.845  -6.469 0.0000000000
13979  5.956  -83.768  -0.908 0.0000000000
15638  12.968  -99.484  4.221 0.0000000000
15639  13.539  -100.207  2.469 0.0000000000
15640  14.449  -99.019  3.168 0.0000000000
15641  17.455  -96.117  0.115 0.0000000000
15642  17.119  -97.563  -0.043 0.0000000000
15643  17.759  -96.833  -1.943 0.0000000000
15644  17.548  -97.671  -3.957 0.0000000000
15645  18.020  -96.167  -3.851 0.0000000000
15646  6.424  -93.016  -10.497 0.0000000000
15647  7.401  -93.591  -10.257 0.0000000000
15648  7.544  -92.470  -11.332 0.0000000000
17438  13.819  -90.529  4.976 0.0000000000
17439  14.831  -90.656  3.342 0.0000000000
17440  14.148  -90.073  3.427 0.0000000000
17441  11.578  -89.948  0.912 0.0000000000
17442  12.631  -90.160  0.336 0.0000000000
17443  11.200  -90.696  -0.862 0.0000000000
17444  10.437  -91.657  -2.720 0.0000000000
17445  9.692  -91.321  -1.790 0.0000000000
17446  10.878  -86.402  -0.602 0.0000000000
17447  10.792  -87.271  0.256 0.0000000000
17448  9.449  -87.696  -1.425 0.0000000000
17449  5.823  -90.403  -4.497 0.0000000000
17450  7.155  -90.414  -2.866 0.0000000000
17451  6.333  -91.548  -4.187 0.0000000000
17452  6.985  -92.292  -4.399 0.0000000000
17453  5.929  -92.354  -5.915 0.0000000000
17454  5.765  -92.923  -7.939 0.0000000000
17455  5.200  -91.846  -7.749 0.0000000000
17456  4.851  -89.045  -9.520 0.0000000000
17457  5.022  -90.324  -10.307 0.0000000000
17458  5.640  -89.526  -10.607 0.0000000000
17459  6.768  -89.152  -11.568 0.0000000000
17460  6.796  -88.616  -10.546 0.0000000000
21020  12.407  -102.129  7.489 0.0000000000
21025  8.626  -98.854  12.002 0.0000000000
21026  9.086  -99.412  12.190 0.0000000000
21027  9.242  -99.998  10.827 0.0000000000
21028  10.060  -100.972  9.013 0.0000000000
21029  9.823  -100.340  8.919 0.0000000000
21030  10.614  -100.371  7.040 0.0000000000
21031  9.873  -99.503  8.762 0.0000000000
21032  8.737  -96.624  8.499 0.0000000000
21033  10.247  -97.357  8.442 0.0000000000
21034  10.227  -96.456  7.791 0.0000000000
21035  11.865  -96.144  7.497 0.0000000000
21036  10.165  -95.575  7.173 0.0000000000
21053  4.893  -93.135  9.134 0.0000000000
21054  4.528  -91.992  8.483 0.0000000000
21055  6.074  -91.447  6.061 0.0000000000
21056  6.128  -92.841  6.202 0.0000000000
21057  7.672  -92.816  5.932 0.0000000000
21058  9.702  -93.587  6.100 0.0000000000
21059  9.383  -92.394  6.140 0.0000000000
21060  11.280  -91.794  6.306 0.0000000000
21061  9.388  -91.232  6.189 0.0000000000
21062  8.334  -88.240  7.324 0.0000000000
21063  9.487  -89.411  6.910 0.0000000000
21064  9.857  -88.466  7.748 0.0000000000
21065  11.501  -88.564  7.761 0.0000000000
22441  14.802  -101.156  -1.483 0.0000000000
22442  14.764  -101.852  -1.749 0.0000000000
22443  15.208  -101.441  -3.399 0.0000000000
22456  15.635  -91.330  -0.576 0.0000000000
22457  16.608  -92.051  -0.496 0.0000000000
22458  15.543  -91.900  -2.273 0.0000000000
22459  13.713  -94.161  -5.706 0.0000000000
22460  15.350  -93.494  -4.835 0.0000000000
22461  15.330  -94.367  -6.262 0.0000000000
22462  16.696  -94.923  -7.007 0.0000000000
22463  15.273  -95.125  -7.836 0.0000000000
22464  9.390  -95.072  -9.464 0.0000000000
22465  9.860  -95.876  -8.925 0.0000000000
22466  10.724  -95.679  -9.456 0.0000000000
22468  12.914  -96.257  -10.551 0.0000000000
22469  13.971  -96.375  -11.142 0.0000000000
22470  14.863  -96.506  -10.538 0.0000000000
24359  14.370  -97.235  5.221 0.0000000000
24360  15.253  -97.815  3.522 0.0000000000
24361  15.801  -96.604  3.743 0.0000000000
24362  16.946  -95.589  2.036 0.0000000000
24363  17.602  -94.609  0.002 0.0000000000
24364  7.371  -90.668  -12.447 0.0000000000
24365  8.046  -91.207  -12.166 0.0000000000
24366  9.003  -89.990  -12.762 0.0000000000
25439  13.216  -89.644  5.120 0.0000000000
25440  13.615  -89.753  3.577 0.0000000000
25441  12.999  -89.410  3.637 0.0000000000
25442  12.043  -89.242  2.426 0.0000000000
25443  10.706  -89.390  1.402 0.0000000000
25444  7.369  -86.481  -2.853 0.0000000000
25445  7.958  -87.944  -2.828 0.0000000000
25446  6.225  -87.687  -3.619 0.0000000000
25447  5.285  -88.820  -4.597 0.0000000000
25448  4.840  -89.732  -5.902 0.0000000000
25449  4.780  -90.536  -7.461 0.0000000000
25450  4.276  -88.952  -7.224 0.0000000000
25451  4.242  -88.126  -8.179 0.0000000000
25452  4.789  -87.482  -8.665 0.0000000000
27593  8.385  -97.995  11.627 0.0000000000
27594  9.136  -98.290  10.166 0.0000000000
27595  8.141  -97.136  10.956 0.0000000000
27596  7.719  -96.369  9.773 0.0000000000
27597  7.199  -95.775  8.492 0.0000000000
27607  4.268  -88.767  9.284 0.0000000000
27608  4.320  -90.607  8.060 0.0000000000
27609  4.091  -89.114  7.833 0.0000000000
27610  4.865  -89.666  6.790 0.0000000000
27611  6.233  -90.074  6.057 0.0000000000
27612  7.822  -90.254  6.073 0.0000000000
27613  6.539  -88.915  6.402 0.0000000000
27614  6.773  -87.638  6.995 0.0000000000
28441  15.986  -100.053  -4.614 0.0000000000
28442  15.670  -100.952  -4.966 0.0000000000
28450  12.445  -92.031  -3.652 0.0000000000
28451  13.901  -92.195  -3.639 0.0000000000
28452  12.203  -93.077  -4.622 0.0000000000
28453  12.156  -94.159  -5.488 0.0000000000
28454  12.089  -95.127  -6.675 0.0000000000
28456  11.967  -94.898  -9.487 0.0000000000
29547  13.653  -86.350  3.258 0.0000000000
29548  13.931  -85.470  2.597 0.0000000000
29549  12.431  -85.386  0.505 0.0000000000
29550  10.719  -85.330  -1.276 0.0000000000
29552  10.168  -83.968  -0.968 0.0000000000
29553  8.721  -85.193  -2.050 0.0000000000
29554  6.612  -85.025  -2.022 0.0000000000
29555  4.903  -84.629  -2.058 0.0000000000
29556  3.865  -83.726  -2.870 0.0000000000
31877  12.172  -101.279  3.590 0.0000000000
31878  12.991  -101.781  1.819 0.0000000000
31879  13.029  -101.070  1.997 0.0000000000
31880  14.166  -100.732  0.399 0.0000000000
31881  15.330  -100.175  -1.024 0.0000000000
31882  15.960  -98.346  1.657 0.0000000000
31883  16.297  -99.009  -0.522 0.0000000000
31884  16.101  -99.668  -2.594 0.0000000000
31885  16.732  -99.007  -4.284 0.0000000000
31886  17.095  -98.328  -5.999 0.0000000000
31887  17.225  -97.753  -7.709 0.0000000000
31888  7.015  -94.495  -7.670 0.0000000000
31889  7.980  -95.031  -7.657 0.0000000000
31890  7.434  -94.563  -9.008 0.0000000000
31891  8.283  -94.336  -9.854 0.0000000000
31892  9.373  -93.589  -9.770 0.0000000000
31893  8.785  -91.625  -11.285 0.0000000000
34184  14.696  -92.092  5.004 0.0000000000
34185  15.964  -92.388  3.441 0.0000000000
34186  15.432  -91.452  3.301 0.0000000000
34187  15.454  -90.935  1.307 0.0000000000
34188  14.626  -90.770  -0.479 0.0000000000
34189  13.653  -89.953  1.749 0.0000000000
34190  13.590  -90.455  -0.240 0.0000000000
34191  13.046  -91.170  -2.172 0.0000000000
34192  11.399  -91.914  -3.341 0.0000000000
34193  9.863  -92.791  -4.271 0.0000000000
34194  8.476  -93.489  -5.164 0.0000000000
34195  12.168  -87.134  1.866 0.0000000000
34196  10.641  -88.341  1.030 0.0000000000
34197  9.450  -89.763  0.180 0.0000000000
34198  8.202  -89.109  -2.049 0.0000000000
34199  8.301  -90.185  -1.198 0.0000000000
34200  8.848  -90.989  -1.098 0.0000000000
34201  8.206  -91.882  -2.920 0.0000000000
34202  7.609  -92.850  -4.788 0.0000000000
34203  7.276  -93.851  -6.274 0.0000000000
34204  6.392  -93.881  -7.788 0.0000000000
34205  5.913  -93.279  -9.373 0.0000000000
34206  5.744  -92.319  -10.861 0.0000000000
34207  4.863  -91.096  -9.355 0.0000000000
34208  5.308  -91.347  -10.811 0.0000000000
34209  6.108  -91.218  -11.810 0.0000000000
34210  6.962  -89.979  -12.334 0.0000000000
34211  8.236  -88.579  -12.708 0.0000000000
34212  9.736  -87.390  -13.489 0.0000000000
38538  13.497  -102.250  5.875 0.0000000000
38539  12.652  -102.367  5.564 0.0000000000
38540  11.961  -102.082  5.449 0.0000000000
38545  9.838  -99.725  12.200 0.0000000000
38546  10.441  -100.746  10.797 0.0000000000
38547  10.573  -101.374  9.059 0.0000000000
38548  11.119  -101.684  7.142 0.0000000000
38549  11.584  -101.617  5.298 0.0000000000
38550  11.481  -100.978  5.274 0.0000000000
38551  11.604  -100.039  5.386 0.0000000000
38552  12.125  -99.086  5.669 0.0000000000
38553  10.098  -98.411  8.675 0.0000000000
38554  11.277  -98.409  7.294 0.0000000000
38555  12.787  -98.049  6.297 0.0000000000
38556  13.243  -96.752  6.737 0.0000000000
38557  13.563  -95.488  6.829 0.0000000000
38558  13.623  -94.205  6.587 0.0000000000
38577  5.490  -94.182  10.115 0.0000000000
38578  5.948  -94.646  8.650 0.0000000000
38579  6.703  -95.195  7.349 0.0000000000
38580  5.064  -92.606  7.035 0.0000000000
38581  6.371  -94.127  6.591 0.0000000000
38582  8.332  -95.173  6.690 0.0000000000
38583  10.065  -94.685  6.488 0.0000000000
38584  11.714  -93.818  6.551 0.0000000000
38585  13.348  -92.955  6.270 0.0000000000
38586  13.099  -91.945  5.925 0.0000000000
38587  12.816  -91.159  5.983 0.0000000000
38588  12.627  -90.572  6.083 0.0000000000
38589  9.371  -90.266  6.443 0.0000000000
38590  10.886  -90.187  6.616 0.0000000000
38591  12.378  -90.059  6.220 0.0000000000
38592  12.493  -89.300  6.534 0.0000000000
38593  12.912  -88.343  6.992 0.0000000000
38594  13.630  -87.267  7.138 0.0000000000
40243  14.134  -102.160  0.015 0.0000000000
40244  15.263  -102.297  -1.870 0.0000000000
40261  16.791  -92.767  1.623 0.0000000000
40262  17.377  -93.128  -0.236 0.0000000000
40263  17.670  -93.823  -1.946 0.0000000000
40264  15.450  -92.636  -3.584 0.0000000000
40265  16.801  -93.366  -3.619 0.0000000000
40266  17.816  -94.564  -3.709 0.0000000000
40267  17.710  -95.431  -5.623 0.0000000000
40268  17.410  -96.320  -7.535 0.0000000000
40269  16.996  -97.011  -9.054 0.0000000000
40270  9.193  -95.464  -7.797 0.0000000000
40271  10.687  -95.829  -7.843 0.0000000000
40272  12.250  -95.835  -8.078 0.0000000000
40273  12.008  -96.026  -9.911 0.0000000000
40274  12.514  -96.389  -9.439 0.0000000000
40275  13.705  -95.837  -8.628 0.0000000000
40276  15.037  -95.948  -9.221 0.0000000000
40277  16.198  -96.608  -9.952 0.0000000000
40322  3.462  -81.905  -1.862 0.0000000000
40323  3.362  -82.433  -3.838 0.0000000000
40330  3.568  -79.545  -3.246 0.0000000000
40331  3.599  -81.249  -4.679 0.0000000000
40332  3.628  -83.099  -5.731 0.0000000000
40333  4.200  -84.040  -7.069 0.0000000000
40334  5.027  -85.396  -7.827 0.0000000000
40335  5.855  -86.914  -8.197 0.0000000000
40338  7.010  -87.789  -9.042 0.0000000000
40339  8.446  -87.160  -10.532 0.0000000000
40340  9.830  -86.398  -12.530 0.0000000000
31  13.235  -77.615  3.936 0.0000000000
437  13.607  -69.851  4.856 0.0000000000
553  3.984  -84.950  9.130 0.0000000000
554  7.468  -76.749  13.268 0.0000000000
557  17.130  -69.587  10.757 0.0000000000
818  15.319  -82.608  3.522 0.0000000000
820  6.943  -81.824  1.223 0.0000000000
969  8.630  -64.524  6.062 0.0000000000
1220  5.517  -80.097  10.089 0.0000000000
1221  3.050  -73.519  14.476 0.0000000000
1228  13.667  -64.947  8.916 0.0000000000
1979  11.683  -73.645  6.717 0.0000000000
1980  4.688  -75.582  6.275 0.0000000000
1981  5.189  -69.452  8.565 0.0000000000
2298  8.805  -87.037  8.271 0.0000000000
2299  12.716  -82.897  10.421 0.0000000000
2300  14.351  -79.526  11.187 0.0000000000
2307  6.250  -67.290  12.239 0.0000000000
2308  11.339  -71.954  14.796 0.0000000000
2309  15.091  -75.851  11.088 0.0000000000
2310  18.168  -73.272  7.588 0.0000000000
2491  3.055  -77.473  0.357 0.0000000000
2738  14.568  -80.066  3.736 0.0000000000
2739  11.540  -81.933  1.168 0.0000000000
2740  10.568  -79.704  2.661 0.0000000000
4343  12.437  -71.468  6.250 0.0000000000
4344  8.426  -71.565  7.546 0.0000000000
4345  9.162  -69.098  6.964 0.0000000000
4346  8.400  -62.223  5.655 0.0000000000
4347  5.577  -63.925  7.154 0.0000000000
5101  5.880  -85.604  7.642 0.0000000000
5102  6.575  -78.491  11.514 0.0000000000
5103  9.185  -81.813  10.585 0.0000000000
5104  10.431  -80.320  12.154 0.0000000000
5105  13.965  -81.136  10.854 0.0000000000
5106  11.260  -78.633  13.632 0.0000000000
5125  15.090  -67.305  9.752 0.0000000000
5126  11.935  -67.966  11.798 0.0000000000
5127  14.258  -70.238  13.101 0.0000000000
5128  14.052  -74.357  14.213 0.0000000000
5129  16.390  -72.720  12.129 0.0000000000
5130  16.407  -74.420  9.762 0.0000000000
5131  18.418  -72.002  9.788 0.0000000000
5581  3.058  -73.338  6.485 0.0000000000
5582  3.159  -76.444  4.008 0.0000000000
6080  15.081  -84.801  4.164 0.0000000000
6350  15.560  -68.498  3.277 0.0000000000
6351  10.611  -67.228  5.371 0.0000000000
6352  13.060  -65.794  3.517 0.0000000000
6353  11.829  -63.355  3.834 0.0000000000
6804  4.284  -82.177  9.299 0.0000000000
6805  3.804  -79.367  12.716 0.0000000000
6806  3.380  -77.052  12.324 0.0000000000
6807  4.448  -74.830  12.687 0.0000000000
8525  11.800  -75.433  4.889 0.0000000000
8526  8.731  -76.736  4.552 0.0000000000
8527  7.893  -74.302  6.446 0.0000000000
8528  4.674  -72.539  7.780 0.0000000000
8529  3.162  -70.157  7.818 0.0000000000
8530  6.388  -66.666  7.948 0.0000000000
8531  3.855  -66.781  8.019 0.0000000000
9452  12.217  -87.540  8.336 0.0000000000
9453  7.617  -83.473  8.964 0.0000000000
9454  10.657  -84.758  9.857 0.0000000000
9455  14.188  -85.271  8.430 0.0000000000
9456  15.488  -83.210  7.710 0.0000000000
9457  15.771  -81.002  7.570 0.0000000000
9458  15.499  -79.070  7.435 0.0000000000
9478  3.686  -70.135  13.540 0.0000000000
9479  5.825  -71.799  13.528 0.0000000000
9480  10.094  -65.709  10.433 0.0000000000
9481  8.531  -69.422  13.226 0.0000000000
9482  8.816  -74.280  14.824 0.0000000000
9483  12.296  -76.517  14.656 0.0000000000
9484  14.654  -77.825  11.311 0.0000000000
9485  14.744  -77.152  7.336 0.0000000000
9486  14.058  -75.535  7.840 0.0000000000
9487  14.955  -73.584  7.246 0.0000000000
9488  16.367  -72.257  5.302 0.0000000000
9491  18.315  -70.804  3.797 0.0000000000
10027  5.623  -78.840  3.640 0.0000000000
10028  3.515  -79.968  1.375 0.0000000000
10418  13.962  -78.833  3.838 0.0000000000
10419  12.672  -79.807  2.818 0.0000000000
10420  12.072  -78.641  3.232 0.0000000000
12023  12.993  -70.644  5.469 0.0000000000
12024  10.856  -70.203  6.307 0.0000000000
12025  11.379  -69.278  5.701 0.0000000000
12775  4.658  -84.714  10.434 0.0000000000
12781  4.579  -85.169  7.992 0.0000000000
12782  7.034  -77.669  12.387 0.0000000000
12783  8.562  -79.485  11.850 0.0000000000
12784  8.986  -78.674  12.893 0.0000000000
12785  10.893  -79.530  12.979 0.0000000000
12786  9.300  -77.711  13.793 0.0000000000
12805  16.051  -68.395  10.572 0.0000000000
12806  14.597  -68.571  11.620 0.0000000000
12807  15.817  -69.801  11.908 0.0000000000
12808  15.449  -71.450  12.899 0.0000000000
12809  16.857  -71.039  11.546 0.0000000000
12810  17.488  -72.324  10.990 0.0000000000
12811  17.948  -70.852  10.429 0.0000000000
13261  2.973  -72.222  6.158 0.0000000000
13262  3.072  -73.841  5.056 0.0000000000
13973  15.301  -83.741  3.610 0.0000000000
13974  13.921  -84.563  1.889 0.0000000000
13975  13.863  -83.381  1.631 0.0000000000
13976  9.265  -81.947  1.105 0.0000000000
13977  9.733  -82.892  0.052 0.0000000000
13978  7.555  -82.862  0.170 0.0000000000
13980  5.470  -82.577  0.239 0.0000000000
14423  16.923  -67.853  2.606 0.0000000000
14424  14.209  -67.129  3.326 0.0000000000
14425  15.755  -66.468  2.540 0.0000000000
14427  14.014  -63.959  2.645 0.0000000000
14428  13.577  -62.739  2.843 0.0000000000
14429  11.700  -62.236  3.935 0.0000000000
15180  4.319  -80.606  12.729 0.0000000000
15182  3.137  -74.928  14.902 0.0000000000
15183  3.225  -76.645  13.903 0.0000000000
15184  3.206  -75.375  13.497 0.0000000000
15185  3.886  -76.010  12.431 0.0000000000
15186  3.447  -74.000  13.271 0.0000000000
18788  11.552  -74.475  5.732 0.0000000000
18789  9.751  -74.798  5.529 0.0000000000
18790  9.813  -73.718  6.434 0.0000000000
18791  6.682  -70.632  8.074 0.0000000000
18792  6.393  -72.073  7.795 0.0000000000
18793  4.869  -71.036  8.282 0.0000000000
18794  3.632  -71.385  7.985 0.0000000000
18795  3.820  -69.779  8.452 0.0000000000
18796  9.396  -65.860  5.820 0.0000000000
18797  8.453  -66.848  6.824 0.0000000000
18798  7.363  -65.465  7.040 0.0000000000
18800  4.540  -65.226  7.746 0.0000000000
18801  3.958  -65.590  7.120 0.0000000000
18802  3.455  -67.230  7.249 0.0000000000
21066  10.473  -87.486  8.603 0.0000000000
21067  4.813  -81.081  9.538 0.0000000000
21068  5.831  -82.690  8.580 0.0000000000
21069  6.761  -81.746  9.285 0.0000000000
21070  10.828  -82.478  10.894 0.0000000000
21071  9.929  -83.352  10.345 0.0000000000
21072  11.736  -83.766  10.235 0.0000000000
21073  12.519  -85.116  9.502 0.0000000000
21074  13.603  -84.080  9.420 0.0000000000
21075  14.971  -84.226  8.058 0.0000000000
21076  14.346  -83.154  9.350 0.0000000000
21077  14.250  -80.282  11.003 0.0000000000
21078  15.158  -81.141  9.372 0.0000000000
21079  15.295  -80.197  9.417 0.0000000000
21080  15.677  -79.962  7.583 0.0000000000
21081  15.272  -79.460  9.546 0.0000000000
21130  5.594  -66.928  12.932 0.0000000000
21131  4.080  -68.233  13.676 0.0000000000
21132  4.746  -68.553  13.000 0.0000000000
21133  4.554  -70.821  13.257 0.0000000000
21134  5.687  -69.303  12.987 0.0000000000
21135  13.338  -64.119  10.031 0.0000000000
21136  11.519  -64.461  10.451 0.0000000000
21137  11.948  -65.318  9.576 0.0000000000
21138  11.536  -69.892  13.523 0.0000000000
21139  10.304  -68.596  12.611 0.0000000000
21140  9.942  -70.725  14.153 0.0000000000
21141  8.388  -71.774  14.426 0.0000000000
21142  9.911  -73.008  15.141 0.0000000000
21143  10.536  -75.358  15.175 0.0000000000
21144  11.580  -74.238  15.241 0.0000000000
21145  14.835  -75.350  12.841 0.0000000000
21146  14.153  -76.387  13.139 0.0000000000
21147  14.776  -76.835  11.254 0.0000000000
21148  15.161  -77.733  9.293 0.0000000000
21149  14.854  -76.779  9.315 0.0000000000
21150  14.294  -76.366  7.497 0.0000000000
21151  14.810  -75.986  9.281 0.0000000000
21152  17.277  -73.891  8.616 0.0000000000
21153  15.792  -74.359  8.221 0.0000000000
21154  16.609  -73.637  7.292 0.0000000000
21155  15.644  -72.941  6.193 0.0000000000
21156  17.445  -73.026  6.303 0.0000000000
21163  19.388  -71.567  4.570 0.0000000000
22501  6.463  -76.297  5.420 0.0000000000
22502  7.145  -77.861  4.211 0.0000000000
22503  5.001  -77.138  4.930 0.0000000000
22504  2.978  -76.904  2.294 0.0000000000
22505  3.277  -78.184  2.693 0.0000000000
22506  3.027  -78.635  0.927 0.0000000000
22507  3.186  -80.222  -0.521 0.0000000000
22508  3.123  -79.066  -1.220 0.0000000000
23360  15.026  -81.432  3.516 0.0000000000
23361  13.675  -82.203  1.869 0.0000000000
23362  13.214  -81.031  2.313 0.0000000000
23363  11.052  -80.856  1.894 0.0000000000
23364  8.700  -80.893  2.028 0.0000000000
26249  12.059  -72.516  7.012 0.0000000000
26250  10.105  -72.574  7.135 0.0000000000
26251  10.413  -71.288  6.982 0.0000000000
26252  8.664  -70.288  7.393 0.0000000000
26253  7.051  -69.182  8.000 0.0000000000
26254  8.400  -63.331  6.038 0.0000000000
26255  6.990  -64.110  6.929 0.0000000000
26256  6.985  -62.972  6.429 0.0000000000
27615  7.279  -86.374  7.817 0.0000000000
27616  6.074  -79.203  10.712 0.0000000000
27617  7.584  -80.951  10.134 0.0000000000
27618  8.081  -80.162  10.923 0.0000000000
27619  9.913  -81.090  11.292 0.0000000000
27620  11.731  -81.711  11.237 0.0000000000
27621  13.451  -82.040  10.587 0.0000000000
27622  12.391  -80.954  11.878 0.0000000000
27623  12.744  -80.064  12.283 0.0000000000
27624  13.059  -79.328  12.551 0.0000000000
27656  7.519  -65.951  12.152 0.0000000000
27657  14.264  -66.261  8.912 0.0000000000
27658  12.647  -66.487  9.808 0.0000000000
27659  13.574  -67.558  10.801 0.0000000000
27660  13.057  -69.101  12.670 0.0000000000
27661  12.824  -71.015  14.077 0.0000000000
27662  12.795  -73.145  14.856 0.0000000000
27663  14.133  -72.230  14.051 0.0000000000
27664  15.227  -73.435  13.340 0.0000000000
27665  15.693  -74.452  12.040 0.0000000000
27666  15.620  -75.102  10.552 0.0000000000
27667  16.623  -73.802  11.185 0.0000000000
27668  17.626  -73.322  10.001 0.0000000000
27669  18.529  -72.875  8.787 0.0000000000
28477  3.564  -74.562  6.522 0.0000000000
28478  3.682  -76.126  5.410 0.0000000000
28479  3.101  -74.978  5.332 0.0000000000
28480  3.027  -75.336  3.636 0.0000000000
28481  3.212  -76.022  1.889 0.0000000000
29546  14.697  -85.763  4.819 0.0000000000
29551  11.894  -83.032  0.388 0.0000000000
30176  14.496  -69.153  4.081 0.0000000000
30177  12.173  -68.499  4.980 0.0000000000
30178  12.959  -67.785  4.145 0.0000000000
30179  11.587  -66.458  4.409 0.0000000000
30180  10.687  -65.080  4.767 0.0000000000
30181  14.735  -65.171  2.662 0.0000000000
30182  12.214  -64.503  3.720 0.0000000000
30183  10.186  -63.895  4.933 0.0000000000
30184  10.067  -62.798  4.935 0.0000000000
30185  9.911  -61.633  4.819 0.0000000000
31235  4.201  -83.371  10.625 0.0000000000
31236  4.058  -83.613  9.050 0.0000000000
31237  3.921  -82.063  10.894 0.0000000000
31238  3.799  -80.797  10.901 0.0000000000
31239  3.911  -79.593  10.893 0.0000000000
31240  3.890  -77.889  14.283 0.0000000000
31241  3.315  -78.213  12.515 0.0000000000
31242  4.160  -78.479  11.054 0.0000000000
31243  4.650  -77.577  11.523 0.0000000000
31244  5.219  -76.798  12.111 0.0000000000
31245  5.886  -75.758  12.733 0.0000000000
31274  15.388  -64.635  8.303 0.0000000000
31275  15.805  -65.899  7.927 0.0000000000
31276  16.604  -67.103  8.762 0.0000000000
31277  17.530  -68.249  9.660 0.0000000000
31278  18.300  -69.389  9.875 0.0000000000
35843  12.415  -76.450  4.279 0.0000000000
35844  11.037  -77.123  3.903 0.0000000000
35845  10.178  -75.937  4.656 0.0000000000
35846  8.029  -75.540  5.540 0.0000000000
35847  6.086  -74.984  6.501 0.0000000000
35848  8.118  -72.980  7.200 0.0000000000
35849  6.127  -73.607  7.290 0.0000000000
35850  4.574  -74.065  7.154 0.0000000000
35851  3.566  -72.981  7.370 0.0000000000
35852  3.080  -71.870  7.232 0.0000000000
35853  3.072  -70.683  6.784 0.0000000000
35854  9.866  -68.101  6.223 0.0000000000
35855  7.664  -67.929  7.582 0.0000000000
35856  5.613  -67.934  8.465 0.0000000000
35857  5.704  -65.240  7.755 0.0000000000
35858  4.807  -66.593  8.372 0.0000000000
35859  4.213  -68.102  8.589 0.0000000000
35860  3.393  -68.415  8.062 0.0000000000
35861  3.157  -68.938  7.159 0.0000000000
38595  5.145  -83.837  8.143 0.0000000000
38596  6.703  -84.434  8.209 0.0000000000
38597  8.160  -85.220  8.695 0.0000000000
38598  8.460  -82.593  9.799 0.0000000000
38599  9.108  -84.248  9.524 0.0000000000
38600  9.699  -85.872  9.116 0.0000000000
38601  11.400  -86.312  9.266 0.0000000000
38602  13.217  -86.405  8.565 0.0000000000
38603  14.380  -86.167  7.020 0.0000000000
38604  15.103  -85.168  6.528 0.0000000000
38605  15.620  -84.107  5.973 0.0000000000
38606  15.877  -83.014  5.678 0.0000000000
38607  14.879  -82.145  9.281 0.0000000000
38608  15.710  -82.081  7.549 0.0000000000
38609  15.856  -81.854  5.591 0.0000000000
38610  15.668  -80.667  5.598 0.0000000000
38611  15.367  -79.487  5.536 0.0000000000
38612  14.863  -78.464  5.429 0.0000000000
38669  2.918  -71.426  15.200 0.0000000000
38671  3.207  -69.812  14.451 0.0000000000
38672  3.286  -71.758  14.042 0.0000000000
38673  3.946  -72.419  13.285 0.0000000000
38674  5.050  -73.299  13.101 0.0000000000
38675  6.417  -74.339  13.507 0.0000000000
38677  9.528  -65.074  11.326 0.0000000000
38678  8.139  -66.357  11.394 0.0000000000
38679  10.921  -66.789  10.742 0.0000000000
38680  9.087  -67.335  11.605 0.0000000000
38681  7.241  -68.214  12.333 0.0000000000
38682  7.013  -70.473  13.597 0.0000000000
38683  7.227  -73.044  14.158 0.0000000000
38684  8.000  -75.506  14.143 0.0000000000
38685  9.792  -76.562  14.594 0.0000000000
38686  11.625  -77.560  14.281 0.0000000000
38687  13.233  -78.334  12.983 0.0000000000
38688  13.082  -75.500  14.613 0.0000000000
38689  13.663  -77.414  13.167 0.0000000000
38690  14.491  -78.686  11.327 0.0000000000
38691  15.297  -78.583  9.418 0.0000000000
38692  15.243  -78.070  7.352 0.0000000000
38693  14.224  -77.189  5.356 0.0000000000
38694  13.665  -76.328  5.589 0.0000000000
38695  13.181  -75.517  6.235 0.0000000000
38696  12.936  -74.652  6.962 0.0000000000
38697  15.099  -75.099  9.008 0.0000000000
38698  14.292  -74.448  7.931 0.0000000000
38699  13.243  -73.587  7.305 0.0000000000
38700  13.890  -72.594  6.510 0.0000000000
38701  14.498  -71.852  5.532 0.0000000000
38702  15.191  -71.069  4.827 0.0000000000
38703  18.990  -70.582  9.504 0.0000000000
38704  19.287  -71.516  8.794 0.0000000000
38705  19.370  -72.245  7.767 0.0000000000
38708  19.084  -72.553  6.621 0.0000000000
38709  18.319  -72.309  5.398 0.0000000000
38710  17.224  -71.531  4.491 0.0000000000
38711  15.992  -70.396  4.101 0.0000000000
38712  17.057  -69.719  3.373 0.0000000000
40315  9.702  -78.222  3.469 0.0000000000
40316  8.065  -79.431  2.982 0.0000000000
40317  6.258  -80.514  2.459 0.0000000000
40318  3.903  -77.734  4.060 0.0000000000
40319  4.332  -79.594  2.773 0.0000000000
40320  4.859  -81.173  1.575 0.0000000000
40321  3.999  -81.588  0.121 0.0000000000
83  23.850  -62.373  0.716 0.0000000000
558  25.371  -65.774  6.771 0.0000000000
559  21.913  -54.859  6.887 0.0000000000
968  18.442  -67.096  1.967 0.0000000000
970  15.403  -61.998  1.950 0.0000000000
1229  19.552  -64.995  7.868 0.0000000000
1230  21.793  -68.611  8.071 0.0000000000
1231  22.774  -63.886  7.926 0.0000000000
1517  26.022  -56.714  0.219 0.0000000000
2311  22.516  -70.101  4.473 0.0000000000
2312  26.585  -65.305  3.215 0.0000000000
2313  22.684  -60.093  8.740 0.0000000000
2314  26.225  -60.266  6.721 0.0000000000
2315  27.918  -59.215  3.022 0.0000000000
2316  23.543  -53.047  4.652 0.0000000000
2888  21.521  -65.048  1.189 0.0000000000
2889  16.551  -64.540  1.830 0.0000000000
2890  19.954  -62.611  0.866 0.0000000000
3149  21.456  -65.026  10.139 0.0000000000
3150  21.428  -64.896  7.696 0.0000000000
3151  22.682  -63.314  10.572 0.0000000000
5132  23.754  -67.595  7.272 0.0000000000
5133  22.719  -70.033  6.657 0.0000000000
5134  24.686  -68.480  5.746 0.0000000000
5135  24.713  -68.074  3.767 0.0000000000
5136  26.451  -66.054  5.222 0.0000000000
5138  21.460  -59.277  11.283 0.0000000000
5140  20.587  -55.718  7.695 0.0000000000
5141  22.959  -57.904  7.634 0.0000000000
5142  24.666  -57.517  6.891 0.0000000000
5143  27.665  -59.851  5.130 0.0000000000
5144  26.014  -56.846  5.567 0.0000000000
5145  26.470  -56.118  3.823 0.0000000000
5146  22.996  -54.015  5.942 0.0000000000
6820  17.014  -64.618  8.116 0.0000000000
6821  18.103  -66.974  8.131 0.0000000000
6822  19.490  -69.201  9.170 0.0000000000
6823  20.446  -66.672  7.301 0.0000000000
6824  22.287  -66.041  6.981 0.0000000000
6825  23.766  -64.679  7.042 0.0000000000
7379  25.378  -59.519  0.333 0.0000000000
7380  22.434  -60.033  0.187 0.0000000000
7381  23.897  -57.153  -0.512 0.0000000000
8536  18.854  -59.962  0.736 0.0000000000
8537  14.720  -59.969  1.568 0.0000000000
9489  20.412  -70.972  7.994 0.0000000000
9490  20.132  -71.808  5.722 0.0000000000
9492  20.944  -69.065  2.700 0.0000000000
9493  23.689  -66.831  2.043 0.0000000000
9494  25.642  -64.000  1.515 0.0000000000
9495  22.547  -61.211  11.069 0.0000000000
9496  23.173  -62.164  8.438 0.0000000000
9497  24.532  -62.626  7.314 0.0000000000
9498  21.254  -58.124  8.874 0.0000000000
9499  24.320  -60.229  7.630 0.0000000000
9500  26.324  -63.204  6.552 0.0000000000
9501  27.666  -63.089  4.934 0.0000000000
9502  27.804  -62.223  2.866 0.0000000000
9503  26.856  -60.790  1.251 0.0000000000
9504  27.077  -58.048  1.418 0.0000000000
9505  26.168  -55.029  2.273 0.0000000000
10568  22.834  -63.726  0.929 0.0000000000
10569  20.788  -63.836  0.968 0.0000000000
10570  22.013  -62.518  0.682 0.0000000000
10830  22.256  -64.319  10.321 0.0000000000
10831  22.888  -62.985  11.878 0.0000000000
12812  24.647  -66.816  6.975 0.0000000000
12813  24.371  -68.129  6.675 0.0000000000
12814  25.231  -67.182  6.263 0.0000000000
12815  25.590  -67.355  5.443 0.0000000000
12816  26.038  -66.109  6.064 0.0000000000
12820  21.229  -55.285  7.315 0.0000000000
12821  22.671  -56.448  7.314 0.0000000000
12822  23.450  -56.124  6.900 0.0000000000
12823  25.463  -57.226  6.379 0.0000000000
12824  24.087  -55.756  6.398 0.0000000000
12825  24.567  -55.332  5.841 0.0000000000
12826  22.457  -54.443  6.471 0.0000000000
14426  15.864  -63.267  1.870 0.0000000000
14430  13.369  -61.667  2.864 0.0000000000
15205  19.075  -65.115  9.173 0.0000000000
15206  17.864  -64.782  9.424 0.0000000000
15207  18.375  -64.780  7.975 0.0000000000
15208  17.496  -65.666  7.347 0.0000000000
15209  18.913  -65.465  6.951 0.0000000000
15210  19.269  -66.838  7.618 0.0000000000
15211  19.985  -65.474  6.895 0.0000000000
15212  22.200  -64.509  7.805 0.0000000000
15213  21.774  -65.272  6.902 0.0000000000
15214  22.590  -64.803  7.030 0.0000000000
15215  23.129  -65.478  7.016 0.0000000000
15216  23.146  -64.213  7.212 0.0000000000
16223  25.786  -58.159  0.219 0.0000000000
16224  24.657  -58.451  -0.038 0.0000000000
16225  25.132  -56.968  -0.245 0.0000000000
18811  21.812  -58.693  -0.050 0.0000000000
18812  20.754  -60.067  0.415 0.0000000000
18813  20.150  -58.604  0.154 0.0000000000
18815  16.361  -59.047  0.771 0.0000000000
21157  20.625  -68.925  8.572 0.0000000000
21158  20.136  -70.185  8.785 0.0000000000
21159  21.264  -69.857  8.172 0.0000000000
21160  22.734  -70.213  5.568 0.0000000000
21161  21.643  -70.882  6.166 0.0000000000
21162  21.320  -71.007  5.010 0.0000000000
21164  20.655  -70.663  3.909 0.0000000000
21165  19.608  -69.984  3.177 0.0000000000
21166  21.932  -69.772  3.501 0.0000000000
21167  25.654  -66.729  3.510 0.0000000000
21168  24.266  -67.543  2.858 0.0000000000
21169  25.327  -66.212  2.512 0.0000000000
21170  24.816  -65.463  1.664 0.0000000000
21171  26.249  -64.743  2.264 0.0000000000
21173  22.562  -60.626  12.463 0.0000000000
21174  21.999  -59.567  12.663 0.0000000000
21175  21.942  -59.796  9.787 0.0000000000
21176  22.413  -60.758  9.739 0.0000000000
21177  23.055  -61.151  8.604 0.0000000000
21178  23.824  -62.354  7.744 0.0000000000
21179  23.774  -61.287  7.895 0.0000000000
21182  20.210  -57.256  8.906 0.0000000000
21183  24.724  -58.882  7.368 0.0000000000
21184  23.771  -58.970  7.682 0.0000000000
21185  25.236  -60.194  7.266 0.0000000000
21186  25.493  -61.595  7.110 0.0000000000
21187  26.413  -61.743  6.580 0.0000000000
21188  27.092  -63.293  5.842 0.0000000000
21189  27.197  -61.728  5.901 0.0000000000
21190  28.025  -59.585  4.042 0.0000000000
21191  28.008  -61.076  3.941 0.0000000000
21192  27.951  -60.678  2.907 0.0000000000
21193  27.464  -61.579  2.020 0.0000000000
21194  27.585  -60.100  2.058 0.0000000000
21195  27.035  -59.371  1.241 0.0000000000
21196  27.518  -58.709  2.179 0.0000000000
21197  25.185  -54.423  4.389 0.0000000000
21198  26.392  -55.545  3.025 0.0000000000
21199  25.168  -53.895  3.666 0.0000000000
21200  25.032  -53.345  2.857 0.0000000000
21201  23.573  -52.517  3.944 0.0000000000
23630  20.078  -66.165  1.508 0.0000000000
23631  17.460  -65.774  1.871 0.0000000000
23632  19.097  -64.936  1.322 0.0000000000
23633  18.365  -63.668  1.277 0.0000000000
23634  17.655  -62.389  1.236 0.0000000000
24101  20.336  -65.215  8.994 0.0000000000
24102  20.491  -64.986  7.803 0.0000000000
24103  21.353  -64.984  8.916 0.0000000000
24104  22.147  -64.437  8.968 0.0000000000
24105  22.654  -63.632  9.137 0.0000000000
24710  25.964  -55.286  0.488 0.0000000000
27670  22.786  -68.227  7.661 0.0000000000
27671  22.362  -69.526  7.604 0.0000000000
27672  23.432  -68.939  7.022 0.0000000000
27673  23.776  -69.307  6.109 0.0000000000
27674  23.859  -69.337  5.156 0.0000000000
27675  23.634  -69.165  4.136 0.0000000000
27676  24.843  -68.352  4.744 0.0000000000
27677  25.740  -67.200  4.442 0.0000000000
27678  26.578  -65.811  4.211 0.0000000000
27683  21.278  -58.908  9.926 0.0000000000
27685  21.078  -57.090  8.136 0.0000000000
27686  21.965  -56.752  7.585 0.0000000000
27687  23.872  -57.663  7.339 0.0000000000
27688  25.615  -58.765  6.840 0.0000000000
27689  27.038  -60.171  6.054 0.0000000000
27690  26.400  -58.670  6.165 0.0000000000
27691  27.149  -58.375  5.273 0.0000000000
27692  27.508  -58.047  4.335 0.0000000000
27693  27.448  -57.772  3.309 0.0000000000
27694  26.393  -56.489  4.744 0.0000000000
27695  25.046  -54.916  5.092 0.0000000000
27696  23.329  -53.545  5.309 0.0000000000
31279  18.721  -68.024  8.944 0.0000000000
31280  19.910  -67.930  8.406 0.0000000000
31281  21.056  -67.653  7.945 0.0000000000
31282  20.903  -65.430  6.929 0.0000000000
31283  21.456  -66.451  7.099 0.0000000000
31284  22.092  -67.300  7.601 0.0000000000
31285  22.970  -66.814  7.364 0.0000000000
31286  23.832  -66.160  7.193 0.0000000000
31287  24.545  -65.255  7.056 0.0000000000
32645  24.792  -60.884  0.468 0.0000000000
32646  23.166  -61.240  0.419 0.0000000000
32647  23.988  -59.855  0.183 0.0000000000
32648  23.233  -58.671  -0.118 0.0000000000
35872  21.365  -61.338  0.536 0.0000000000
35873  19.305  -61.253  0.801 0.0000000000
35874  17.172  -61.068  1.284 0.0000000000
35875  18.324  -58.755  0.466 0.0000000000
35876  16.853  -59.977  1.099 0.0000000000
35877  15.163  -60.876  1.870 0.0000000000
35878  13.040  -60.648  2.553 0.0000000000
38706  21.542  -70.545  7.289 0.0000000000
38707  20.383  -71.586  6.905 0.0000000000
38713  18.400  -68.992  2.718 0.0000000000
38714  19.865  -68.142  2.218 0.0000000000
38715  23.081  -68.741  3.123 0.0000000000
38716  22.336  -68.029  2.353 0.0000000000
38717  21.315  -67.146  1.838 0.0000000000
38718  22.685  -65.984  1.501 0.0000000000
38719  23.883  -64.607  1.197 0.0000000000
38720  24.932  -63.144  1.013 0.0000000000
38721  22.896  -61.761  12.220 0.0000000000
38722  22.742  -62.296  10.844 0.0000000000
38723  22.773  -62.704  9.442 0.0000000000
38724  22.070  -60.203  11.243 0.0000000000
38725  22.705  -61.766  9.628 0.0000000000
38726  23.110  -63.113  8.146 0.0000000000
38727  23.555  -63.319  7.406 0.0000000000
38728  24.178  -63.689  7.213 0.0000000000
38729  24.995  -64.134  6.980 0.0000000000
38731  20.453  -58.112  9.978 0.0000000000
38732  22.058  -59.086  8.778 0.0000000000
38733  22.078  -58.096  8.079 0.0000000000
38734  22.888  -59.106  8.061 0.0000000000
38735  23.458  -60.211  8.092 0.0000000000
38736  24.602  -61.437  7.471 0.0000000000
38737  25.326  -62.941  6.975 0.0000000000
38738  25.986  -64.532  6.653 0.0000000000
38739  26.680  -64.778  5.979 0.0000000000
38740  27.174  -64.614  5.071 0.0000000000
38741  27.403  -64.264  4.016 0.0000000000
38742  27.820  -61.521  4.975 0.0000000000
38743  27.881  -62.717  3.902 0.0000000000
38744  27.340  -63.721  2.960 0.0000000000
38745  27.026  -63.140  2.095 0.0000000000
38746  26.468  -62.372  1.363 0.0000000000
38747  25.731  -61.524  0.815 0.0000000000
38748  26.171  -60.044  0.715 0.0000000000
38749  26.455  -58.768  0.671 0.0000000000
38750  26.586  -57.449  0.783 0.0000000000
38751  27.156  -57.269  2.504 0.0000000000
38752  26.769  -56.638  1.777 0.0000000000
38753  26.406  -55.967  1.126 0.0000000000
38754  25.860  -54.350  1.629 0.0000000000
