#!ascii label , from subject fsaverage6 vox2ras=TkReg coords=white
947
442  -15.129  -98.287  -3.664 0.0000000000
443  -8.651  -96.571  -11.040 0.0000000000
577  -12.110  -102.125  3.025 0.0000000000
976  -15.872  -100.797  -7.896 0.0000000000
1275  -7.577  -101.593  6.106 0.0000000000
1405  -8.124  -91.463  -12.316 0.0000000000
1990  -14.371  -95.276  0.061 0.0000000000
1991  -11.609  -94.307  -5.642 0.0000000000
1992  -13.520  -96.515  -8.335 0.0000000000
1993  -12.113  -97.165  -13.556 0.0000000000
2365  -8.630  -99.727  3.536 0.0000000000
2366  -10.257  -101.979  -1.279 0.0000000000
2367  -15.190  -102.171  -2.721 0.0000000000
2518  -5.283  -94.072  -9.128 0.0000000000
2519  -4.494  -89.486  -10.111 0.0000000000
4366  -14.929  -96.629  -1.643 0.0000000000
4367  -15.446  -94.963  -4.726 0.0000000000
4368  -16.143  -96.223  -6.775 0.0000000000
5265  -8.462  -98.180  5.358 0.0000000000
5266  -6.095  -99.396  6.344 0.0000000000
5267  -9.421  -102.211  4.478 0.0000000000
5268  -8.348  -101.940  2.393 0.0000000000
5269  -10.628  -102.706  0.858 0.0000000000
5270  -12.514  -102.575  -2.359 0.0000000000
5271  -13.395  -102.643  0.426 0.0000000000
5649  -9.135  -96.470  -8.323 0.0000000000
5650  -7.658  -95.054  -7.198 0.0000000000
5651  -6.607  -95.534  -10.501 0.0000000000
5653  -6.223  -90.448  -12.805 0.0000000000
5654  -7.478  -88.249  -11.840 0.0000000000
6364  -15.231  -99.703  -5.869 0.0000000000
6365  -16.736  -97.723  -8.711 0.0000000000
6366  -16.670  -99.087  -10.565 0.0000000000
6903  -6.095  -100.193  7.602 0.0000000000
7134  -9.957  -95.390  -11.756 0.0000000000
7135  -7.744  -94.473  -12.075 0.0000000000
8554  -13.711  -94.079  1.782 0.0000000000
8555  -13.762  -92.671  -1.815 0.0000000000
8556  -14.649  -93.778  -3.249 0.0000000000
8557  -12.685  -95.272  -6.730 0.0000000000
8558  -10.597  -97.330  -9.535 0.0000000000
8559  -14.328  -97.576  -10.522 0.0000000000
8560  -12.102  -97.977  -11.578 0.0000000000
8561  -10.459  -96.985  -11.942 0.0000000000
9649  -11.562  -96.472  4.132 0.0000000000
9650  -11.821  -97.747  2.515 0.0000000000
9651  -11.753  -98.852  -0.033 0.0000000000
9652  -7.093  -100.944  4.726 0.0000000000
9653  -9.045  -100.769  0.825 0.0000000000
9654  -11.841  -100.442  -2.616 0.0000000000
9655  -13.171  -101.745  -4.476 0.0000000000
9656  -15.512  -102.331  -5.393 0.0000000000
9660  -13.479  -100.741  4.920 0.0000000000
9663  -14.984  -101.780  2.416 0.0000000000
9664  -16.510  -101.443  -0.014 0.0000000000
10111  -5.958  -93.081  -12.251 0.0000000000
10112  -4.226  -91.795  -10.146 0.0000000000
12046  -15.035  -97.426  -2.666 0.0000000000
12047  -16.151  -96.354  -4.089 0.0000000000
12048  -16.468  -97.118  -4.973 0.0000000000
12944  -5.330  -98.366  7.865 0.0000000000
12945  -6.083  -98.601  6.891 0.0000000000
12946  -5.499  -99.151  7.442 0.0000000000
12947  -10.701  -102.196  3.704 0.0000000000
12948  -9.915  -102.424  2.619 0.0000000000
12949  -11.354  -102.528  2.006 0.0000000000
12950  -12.047  -102.832  0.618 0.0000000000
12951  -12.774  -102.523  1.738 0.0000000000
13329  -8.592  -96.867  -9.926 0.0000000000
13330  -7.606  -96.218  -9.346 0.0000000000
13331  -7.577  -96.099  -10.824 0.0000000000
14446  -15.346  -100.288  -6.956 0.0000000000
14447  -16.262  -99.259  -8.076 0.0000000000
14448  -16.360  -99.828  -9.097 0.0000000000
18856  -13.953  -94.761  0.925 0.0000000000
18857  -14.514  -93.913  -0.855 0.0000000000
18858  -14.961  -94.382  -1.535 0.0000000000
18859  -14.584  -95.530  -6.726 0.0000000000
18860  -14.192  -94.833  -5.995 0.0000000000
18861  -13.105  -95.919  -7.444 0.0000000000
18862  -11.500  -96.499  -8.203 0.0000000000
18863  -12.133  -97.000  -8.936 0.0000000000
18864  -16.039  -97.952  -11.006 0.0000000000
18865  -15.667  -97.315  -9.967 0.0000000000
18866  -14.815  -97.946  -11.689 0.0000000000
18867  -12.850  -97.715  -13.817 0.0000000000
18868  -12.781  -98.134  -12.696 0.0000000000
18869  -11.927  -97.829  -12.928 0.0000000000
18870  -11.123  -97.636  -11.886 0.0000000000
18871  -11.154  -97.128  -12.721 0.0000000000
18872  -10.783  -96.217  -12.313 0.0000000000
18873  -11.749  -96.298  -12.912 0.0000000000
21557  -8.374  -99.001  4.655 0.0000000000
21558  -10.067  -98.214  4.181 0.0000000000
21559  -10.139  -98.909  3.088 0.0000000000
21560  -11.825  -98.355  1.239 0.0000000000
21561  -10.228  -99.414  1.708 0.0000000000
21562  -6.831  -100.888  6.815 0.0000000000
21563  -6.421  -100.677  6.300 0.0000000000
21564  -7.123  -101.373  5.347 0.0000000000
21565  -9.160  -101.964  0.538 0.0000000000
21566  -8.408  -101.431  1.561 0.0000000000
21567  -9.506  -101.382  -0.352 0.0000000000
21568  -10.334  -100.530  -0.957 0.0000000000
21569  -10.800  -101.281  -2.063 0.0000000000
21570  -12.378  -101.170  -3.631 0.0000000000
21571  -11.571  -101.911  -2.896 0.0000000000
21572  -13.783  -102.529  -2.565 0.0000000000
21573  -13.960  -102.590  -3.927 0.0000000000
21574  -15.269  -102.463  -3.967 0.0000000000
21593  -15.643  -101.827  1.315 0.0000000000
22704  -12.879  -93.221  -4.027 0.0000000000
22705  -12.352  -92.469  -3.290 0.0000000000
22706  -10.997  -93.602  -4.953 0.0000000000
22707  -6.276  -94.818  -8.122 0.0000000000
22708  -7.339  -94.198  -6.298 0.0000000000
22709  -5.993  -93.943  -6.925 0.0000000000
22711  -4.893  -93.271  -7.409 0.0000000000
22712  -7.803  -93.037  -12.398 0.0000000000
22713  -6.782  -93.785  -12.342 0.0000000000
22714  -6.937  -92.262  -12.853 0.0000000000
22715  -5.275  -90.055  -11.717 0.0000000000
22716  -4.987  -91.235  -11.872 0.0000000000
22717  -4.113  -90.630  -10.265 0.0000000000
22718  -3.921  -91.158  -8.360 0.0000000000
22719  -3.804  -89.918  -8.535 0.0000000000
22721  -4.074  -88.672  -8.505 0.0000000000
26290  -14.678  -95.923  -0.717 0.0000000000
26291  -15.431  -94.923  -2.295 0.0000000000
26292  -15.820  -95.676  -3.148 0.0000000000
26293  -15.812  -95.571  -5.622 0.0000000000
26294  -14.875  -96.132  -7.767 0.0000000000
27911  -7.051  -98.829  5.809 0.0000000000
27912  -7.126  -99.620  5.181 0.0000000000
27913  -8.425  -102.039  5.298 0.0000000000
27914  -7.797  -101.898  4.416 0.0000000000
27915  -8.755  -102.229  3.433 0.0000000000
27916  -9.357  -102.395  1.473 0.0000000000
27917  -10.248  -102.473  -0.184 0.0000000000
27918  -11.312  -102.419  -1.860 0.0000000000
27919  -11.492  -102.721  -0.694 0.0000000000
27920  -12.749  -102.695  -0.942 0.0000000000
27921  -14.003  -102.287  -1.163 0.0000000000
28599  -10.298  -95.507  -6.915 0.0000000000
28600  -9.548  -94.826  -6.411 0.0000000000
28601  -8.335  -95.794  -7.838 0.0000000000
28602  -6.846  -95.549  -8.883 0.0000000000
28603  -5.882  -94.785  -10.078 0.0000000000
28605  -7.231  -90.866  -13.079 0.0000000000
28606  -7.680  -89.742  -12.969 0.0000000000
28607  -6.657  -89.329  -12.474 0.0000000000
28608  -6.000  -88.955  -11.243 0.0000000000
28609  -5.348  -88.521  -9.621 0.0000000000
30208  -15.208  -98.983  -4.742 0.0000000000
30209  -16.506  -97.922  -6.028 0.0000000000
30210  -16.415  -98.660  -7.088 0.0000000000
30211  -16.788  -98.496  -9.624 0.0000000000
31474  -9.187  -101.998  6.091 0.0000000000
31475  -10.163  -102.032  5.319 0.0000000000
31476  -11.488  -101.837  4.507 0.0000000000
32004  -9.094  -96.081  -11.736 0.0000000000
32005  -8.003  -95.642  -11.605 0.0000000000
32006  -8.838  -95.090  -11.836 0.0000000000
32007  -8.733  -93.625  -11.750 0.0000000000
35928  -14.193  -93.286  0.084 0.0000000000
35929  -14.121  -93.254  -2.666 0.0000000000
35930  -13.296  -93.831  -4.668 0.0000000000
35931  -15.043  -94.367  -3.950 0.0000000000
35932  -13.834  -94.227  -5.336 0.0000000000
35933  -12.225  -94.781  -6.106 0.0000000000
35934  -10.894  -95.982  -7.503 0.0000000000
35935  -9.913  -96.914  -8.948 0.0000000000
35936  -9.487  -97.154  -10.332 0.0000000000
35937  -16.547  -96.891  -7.801 0.0000000000
35938  -15.263  -96.693  -8.901 0.0000000000
35939  -13.916  -97.066  -9.411 0.0000000000
35940  -13.712  -98.119  -12.198 0.0000000000
35941  -13.113  -97.905  -11.044 0.0000000000
35942  -12.643  -97.483  -10.011 0.0000000000
35943  -11.428  -97.586  -10.519 0.0000000000
35944  -10.385  -97.485  -10.995 0.0000000000
35945  -9.591  -96.847  -11.315 0.0000000000
35946  -10.050  -96.127  -11.965 0.0000000000
35947  -10.915  -95.335  -12.000 0.0000000000
39182  -12.755  -95.244  3.007 0.0000000000
39183  -12.970  -95.904  2.282 0.0000000000
39184  -10.034  -97.509  4.868 0.0000000000
39185  -11.740  -97.118  3.501 0.0000000000
39186  -13.269  -96.459  1.469 0.0000000000
39187  -13.368  -97.145  0.456 0.0000000000
39188  -13.456  -97.749  -0.715 0.0000000000
39189  -13.528  -98.549  -1.945 0.0000000000
39190  -5.818  -99.975  7.049 0.0000000000
39191  -6.449  -100.206  5.747 0.0000000000
39192  -7.439  -100.315  4.094 0.0000000000
39193  -7.646  -101.562  3.539 0.0000000000
39194  -7.858  -100.994  2.887 0.0000000000
39195  -8.816  -100.296  2.187 0.0000000000
39196  -10.171  -99.866  0.341 0.0000000000
39197  -11.710  -99.635  -1.469 0.0000000000
39198  -13.492  -99.425  -3.092 0.0000000000
39199  -13.553  -100.210  -4.142 0.0000000000
39200  -13.993  -100.856  -5.222 0.0000000000
39201  -14.703  -101.385  -6.241 0.0000000000
39202  -12.623  -102.289  -3.475 0.0000000000
39203  -14.274  -102.203  -5.260 0.0000000000
39204  -15.608  -101.728  -6.899 0.0000000000
39216  -12.937  -101.654  3.955 0.0000000000
39224  -14.249  -101.323  3.502 0.0000000000
39225  -13.646  -102.149  2.667 0.0000000000
39226  -14.232  -102.344  1.538 0.0000000000
39227  -14.862  -102.156  0.151 0.0000000000
39228  -15.589  -101.623  -1.328 0.0000000000
39230  -17.437  -100.952  -1.113 0.0000000000
40561  -8.993  -94.040  -5.702 0.0000000000
40567  -6.999  -95.050  -11.540 0.0000000000
40568  -6.094  -94.380  -11.469 0.0000000000
40569  -5.311  -93.717  -11.031 0.0000000000
40570  -6.041  -91.634  -12.798 0.0000000000
40571  -5.028  -92.417  -11.625 0.0000000000
40572  -4.638  -92.973  -9.778 0.0000000000
40573  -4.246  -92.309  -7.909 0.0000000000
34  -13.008  -92.719  3.053 0.0000000000
346  -11.367  -87.240  7.483 0.0000000000
348  -5.444  -90.029  -3.465 0.0000000000
573  -2.924  -86.270  11.489 0.0000000000
826  -11.450  -89.994  3.843 0.0000000000
827  -10.848  -87.757  -0.405 0.0000000000
828  -10.613  -91.095  -2.761 0.0000000000
1399  -3.167  -80.919  1.089 0.0000000000
1776  -11.966  -84.198  3.149 0.0000000000
1777  -5.998  -85.584  -0.082 0.0000000000
1778  -3.166  -85.048  -3.961 0.0000000000
2354  -6.093  -87.589  10.006 0.0000000000
2355  -6.707  -91.591  5.566 0.0000000000
2363  -3.559  -93.390  9.793 0.0000000000
2364  -8.225  -96.371  6.542 0.0000000000
2746  -12.277  -91.387  3.452 0.0000000000
2747  -12.569  -90.383  0.632 0.0000000000
2748  -12.854  -91.288  -0.221 0.0000000000
3918  -12.698  -85.979  5.214 0.0000000000
3919  -8.157  -88.766  -2.292 0.0000000000
3920  -8.403  -86.610  -0.845 0.0000000000
3921  -5.554  -87.814  -1.929 0.0000000000
3922  -3.948  -85.765  -1.582 0.0000000000
3923  -3.726  -88.165  -4.001 0.0000000000
5239  -4.284  -86.896  10.337 0.0000000000
5240  -5.901  -89.769  7.439 0.0000000000
5241  -3.641  -89.441  8.389 0.0000000000
5262  -4.338  -96.299  9.465 0.0000000000
5263  -5.491  -95.399  7.730 0.0000000000
5264  -6.038  -97.816  7.258 0.0000000000
6094  -10.939  -88.494  5.270 0.0000000000
6095  -12.245  -87.462  3.207 0.0000000000
6096  -12.214  -88.896  1.691 0.0000000000
6097  -10.836  -89.389  -1.619 0.0000000000
6098  -7.823  -90.636  -3.532 0.0000000000
7125  -4.101  -81.555  2.754 0.0000000000
7982  -9.422  -82.595  2.633 0.0000000000
7983  -11.342  -85.896  1.284 0.0000000000
7984  -8.911  -84.543  0.891 0.0000000000
7985  -6.142  -83.599  1.806 0.0000000000
7986  -3.979  -83.432  0.855 0.0000000000
7987  -3.332  -82.892  -1.236 0.0000000000
9618  -8.612  -87.880  9.204 0.0000000000
9619  -8.463  -89.172  6.605 0.0000000000
9620  -9.150  -90.618  4.989 0.0000000000
9621  -10.077  -92.388  5.276 0.0000000000
9645  -2.707  -89.818  10.066 0.0000000000
9646  -4.576  -92.812  7.123 0.0000000000
9647  -7.428  -93.881  6.174 0.0000000000
9648  -11.077  -94.678  5.361 0.0000000000
10108  -10.516  -92.628  -4.237 0.0000000000
10109  -7.290  -93.140  -5.405 0.0000000000
10110  -4.932  -92.519  -5.844 0.0000000000
10113  -3.888  -90.387  -6.605 0.0000000000
10114  -3.629  -87.593  -7.210 0.0000000000
10426  -12.637  -92.030  3.301 0.0000000000
10427  -12.908  -91.342  1.750 0.0000000000
10428  -13.215  -91.926  1.486 0.0000000000
11598  -12.327  -86.769  6.521 0.0000000000
11599  -6.741  -89.490  -2.800 0.0000000000
11600  -6.703  -88.479  -2.080 0.0000000000
11601  -5.415  -89.007  -2.703 0.0000000000
11602  -4.647  -88.206  -2.843 0.0000000000
11603  -4.532  -89.306  -3.648 0.0000000000
12919  -3.471  -86.502  10.719 0.0000000000
12920  -3.745  -88.123  9.251 0.0000000000
12921  -3.034  -87.709  9.881 0.0000000000
12943  -5.109  -97.181  8.356 0.0000000000
13996  -10.970  -89.306  4.571 0.0000000000
13997  -11.816  -88.836  3.679 0.0000000000
13998  -12.023  -89.506  2.903 0.0000000000
13999  -11.916  -90.587  -1.200 0.0000000000
14000  -11.853  -89.894  -0.688 0.0000000000
14001  -10.734  -90.303  -2.252 0.0000000000
14002  -9.393  -89.884  -2.730 0.0000000000
14003  -9.127  -90.955  -3.452 0.0000000000
15714  -3.357  -81.275  2.092 0.0000000000
17513  -10.820  -83.265  2.584 0.0000000000
17514  -11.881  -87.480  1.241 0.0000000000
17515  -12.037  -86.687  2.096 0.0000000000
17516  -11.043  -86.778  0.311 0.0000000000
17517  -7.191  -86.162  -0.406 0.0000000000
17518  -8.724  -85.554  0.078 0.0000000000
17519  -7.342  -85.119  0.401 0.0000000000
17520  -7.535  -84.140  1.284 0.0000000000
17521  -5.994  -84.504  0.786 0.0000000000
17522  -4.917  -83.625  1.285 0.0000000000
17523  -4.919  -84.566  0.296 0.0000000000
17524  -3.232  -85.451  -2.675 0.0000000000
17525  -3.383  -84.309  -1.300 0.0000000000
17526  -3.298  -83.988  -2.461 0.0000000000
21479  -7.287  -87.818  9.743 0.0000000000
21480  -8.547  -88.735  7.891 0.0000000000
21481  -7.181  -88.908  8.331 0.0000000000
21482  -6.172  -90.604  6.279 0.0000000000
21483  -7.395  -90.107  5.757 0.0000000000
21484  -7.813  -91.066  5.204 0.0000000000
21485  -9.621  -91.516  5.016 0.0000000000
21486  -8.283  -91.998  5.224 0.0000000000
21543  -3.515  -93.613  11.358 0.0000000000
21545  -3.189  -92.005  11.559 0.0000000000
21546  -2.969  -90.230  11.585 0.0000000000
21547  -3.087  -91.734  9.874 0.0000000000
21548  -3.345  -91.458  8.488 0.0000000000
21549  -3.858  -93.074  8.470 0.0000000000
21550  -6.801  -95.923  7.129 0.0000000000
21551  -6.379  -94.652  6.904 0.0000000000
21552  -7.873  -95.095  6.631 0.0000000000
21553  -9.247  -94.251  6.193 0.0000000000
21554  -9.694  -95.605  5.974 0.0000000000
21555  -11.328  -95.677  4.873 0.0000000000
21556  -9.855  -96.622  5.481 0.0000000000
22710  -5.996  -93.007  -5.547 0.0000000000
22720  -3.544  -89.023  -6.936 0.0000000000
23374  -12.014  -90.758  3.549 0.0000000000
23375  -12.356  -90.285  2.331 0.0000000000
23376  -12.651  -90.832  1.982 0.0000000000
23377  -12.664  -90.844  0.165 0.0000000000
23378  -11.914  -90.983  -1.656 0.0000000000
25484  -12.598  -85.146  4.088 0.0000000000
25485  -9.573  -88.168  -1.479 0.0000000000
25486  -9.663  -87.136  -0.908 0.0000000000
25487  -8.199  -87.726  -1.642 0.0000000000
25488  -6.874  -87.288  -1.279 0.0000000000
25489  -5.873  -86.697  -0.994 0.0000000000
25490  -5.042  -85.709  -0.765 0.0000000000
25491  -4.943  -86.971  -1.892 0.0000000000
25492  -3.810  -87.007  -2.814 0.0000000000
25493  -3.088  -86.715  -3.972 0.0000000000
27863  -5.137  -87.219  10.178 0.0000000000
27864  -5.890  -88.783  8.746 0.0000000000
27865  -4.764  -88.559  8.929 0.0000000000
27866  -4.736  -89.694  7.902 0.0000000000
27867  -5.051  -90.844  6.899 0.0000000000
27904  -3.955  -94.884  9.856 0.0000000000
27905  -4.382  -94.522  8.647 0.0000000000
27906  -4.805  -95.847  8.565 0.0000000000
27907  -5.860  -96.602  7.620 0.0000000000
27908  -7.100  -97.115  6.875 0.0000000000
27909  -8.452  -97.376  5.920 0.0000000000
27910  -7.124  -98.029  6.394 0.0000000000
29578  -11.211  -87.797  6.271 0.0000000000
29579  -12.031  -87.378  5.381 0.0000000000
29580  -11.832  -88.052  4.410 0.0000000000
29581  -12.157  -88.192  2.486 0.0000000000
29582  -11.809  -88.368  0.531 0.0000000000
29583  -12.264  -89.703  1.085 0.0000000000
29584  -11.829  -89.104  -0.104 0.0000000000
29585  -10.869  -88.623  -1.031 0.0000000000
29586  -9.571  -88.961  -2.109 0.0000000000
29587  -8.035  -89.620  -2.881 0.0000000000
29588  -6.596  -90.420  -3.486 0.0000000000
34281  -12.458  -86.680  4.123 0.0000000000
34282  -12.347  -85.844  3.056 0.0000000000
34283  -11.674  -84.982  2.174 0.0000000000
34284  -9.898  -86.139  -0.034 0.0000000000
34285  -10.243  -85.122  0.833 0.0000000000
34286  -10.519  -84.197  1.660 0.0000000000
34287  -9.190  -83.645  1.701 0.0000000000
34288  -7.733  -83.065  2.139 0.0000000000
34289  -6.379  -82.460  2.693 0.0000000000
34290  -4.999  -82.692  2.279 0.0000000000
34291  -4.050  -82.527  1.803 0.0000000000
34292  -3.336  -82.236  1.120 0.0000000000
34293  -3.968  -84.536  -0.309 0.0000000000
34294  -3.373  -83.171  0.026 0.0000000000
34295  -3.202  -81.902  -0.007 0.0000000000
35926  -13.443  -93.430  2.548 0.0000000000
35927  -13.724  -92.622  0.830 0.0000000000
39090  -10.026  -87.584  8.488 0.0000000000
39091  -9.924  -88.293  7.257 0.0000000000
39092  -9.809  -88.877  6.037 0.0000000000
39093  -9.876  -89.512  5.163 0.0000000000
39094  -7.176  -89.570  6.920 0.0000000000
39095  -8.596  -89.754  5.563 0.0000000000
39096  -10.437  -90.281  4.671 0.0000000000
39097  -10.980  -91.087  4.541 0.0000000000
39098  -11.362  -91.928  4.559 0.0000000000
39099  -11.768  -92.648  4.622 0.0000000000
39162  -3.142  -86.462  12.366 0.0000000000
39170  -2.949  -88.298  11.826 0.0000000000
39171  -2.676  -87.843  10.690 0.0000000000
39172  -2.908  -89.490  9.021 0.0000000000
39173  -4.047  -91.157  7.589 0.0000000000
39174  -5.634  -92.206  6.172 0.0000000000
39175  -5.059  -94.111  7.409 0.0000000000
39176  -5.963  -93.480  6.365 0.0000000000
39177  -7.095  -92.663  5.571 0.0000000000
39178  -8.682  -93.039  5.745 0.0000000000
39179  -10.640  -93.415  5.530 0.0000000000
39180  -12.270  -93.650  4.382 0.0000000000
39181  -12.608  -94.514  3.857 0.0000000000
40558  -13.254  -91.945  -0.948 0.0000000000
40559  -11.916  -91.614  -2.462 0.0000000000
40560  -10.368  -91.699  -3.433 0.0000000000
40562  -8.707  -92.960  -4.896 0.0000000000
40563  -8.813  -92.050  -4.232 0.0000000000
40564  -7.453  -92.012  -4.436 0.0000000000
40565  -6.262  -91.764  -4.488 0.0000000000
40566  -5.315  -91.329  -4.614 0.0000000000
40574  -4.301  -91.551  -6.283 0.0000000000
40575  -4.481  -90.560  -4.871 0.0000000000
40576  -3.807  -89.348  -5.193 0.0000000000
40577  -3.191  -87.950  -5.542 0.0000000000
40578  -3.285  -86.370  -5.652 0.0000000000
138  -13.872  -79.568  11.855 0.0000000000
347  -6.638  -81.117  3.385 0.0000000000
572  -4.148  -73.039  11.445 0.0000000000
625  -15.674  -74.497  2.822 0.0000000000
1265  -3.579  -80.357  12.565 0.0000000000
1396  -16.664  -75.624  9.857 0.0000000000
1398  -15.371  -78.578  6.674 0.0000000000
1400  -3.764  -75.771  4.980 0.0000000000
1774  -12.376  -83.746  10.675 0.0000000000
1775  -12.816  -81.306  5.753 0.0000000000
2349  -12.861  -72.203  10.639 0.0000000000
2351  -8.993  -68.391  8.914 0.0000000000
2352  -8.605  -76.442  13.401 0.0000000000
2353  -7.480  -81.664  11.607 0.0000000000
2511  -14.827  -68.908  1.480 0.0000000000
2512  -9.954  -76.766  4.705 0.0000000000
2513  -7.849  -70.964  4.453 0.0000000000
3316  -15.074  -77.354  11.271 0.0000000000
3317  -16.564  -77.749  8.723 0.0000000000
3318  -15.061  -79.449  9.487 0.0000000000
3916  -11.683  -85.760  9.515 0.0000000000
3917  -13.047  -84.656  7.004 0.0000000000
5225  -14.899  -70.812  8.729 0.0000000000
5226  -13.207  -69.366  7.222 0.0000000000
5230  -5.370  -69.388  12.505 0.0000000000
5232  -6.396  -70.068  10.608 0.0000000000
5233  -8.505  -72.012  11.490 0.0000000000
5234  -6.291  -74.451  12.137 0.0000000000
5235  -7.837  -79.130  12.097 0.0000000000
5236  -5.611  -77.787  11.487 0.0000000000
5237  -3.840  -83.315  12.388 0.0000000000
5238  -5.254  -83.877  11.520 0.0000000000
5633  -15.301  -71.723  1.968 0.0000000000
5634  -9.987  -80.743  4.118 0.0000000000
5635  -11.357  -79.048  5.092 0.0000000000
5636  -8.022  -78.661  4.627 0.0000000000
5637  -3.234  -72.234  4.760 0.0000000000
5638  -5.463  -73.026  5.441 0.0000000000
5639  -4.342  -69.608  5.149 0.0000000000
5640  -6.686  -67.958  4.634 0.0000000000
6884  -3.156  -72.515  13.232 0.0000000000
6885  -3.433  -76.892  11.955 0.0000000000
6886  -2.689  -76.476  14.040 0.0000000000
6887  -3.854  -80.081  14.728 0.0000000000
6888  -4.246  -83.375  14.390 0.0000000000
7123  -17.681  -77.116  5.938 0.0000000000
7124  -15.584  -76.914  4.262 0.0000000000
7126  -4.742  -78.912  4.275 0.0000000000
7127  -3.139  -78.569  3.193 0.0000000000
7978  -13.060  -81.635  11.366 0.0000000000
7979  -14.316  -81.235  9.064 0.0000000000
7980  -13.562  -82.882  8.174 0.0000000000
7981  -12.347  -82.758  4.755 0.0000000000
9601  -16.675  -72.364  9.510 0.0000000000
9602  -14.811  -74.054  11.001 0.0000000000
9603  -13.070  -75.922  12.565 0.0000000000
9609  -11.856  -67.760  8.645 0.0000000000
9610  -10.876  -70.564  9.227 0.0000000000
9611  -10.662  -73.933  12.700 0.0000000000
9612  -11.499  -78.245  13.277 0.0000000000
9613  -10.574  -80.656  12.452 0.0000000000
9614  -9.884  -82.942  11.824 0.0000000000
9615  -9.118  -85.394  11.199 0.0000000000
9616  -5.353  -80.815  11.696 0.0000000000
9617  -7.015  -84.623  11.523 0.0000000000
10090  -13.898  -79.955  6.631 0.0000000000
10091  -13.107  -77.752  4.980 0.0000000000
10092  -12.404  -75.308  3.583 0.0000000000
10093  -6.467  -76.288  4.975 0.0000000000
10094  -8.723  -74.034  4.191 0.0000000000
10095  -11.686  -72.673  3.018 0.0000000000
10096  -10.756  -69.834  2.974 0.0000000000
10996  -14.425  -78.506  11.782 0.0000000000
10997  -15.197  -78.544  10.614 0.0000000000
10998  -14.666  -79.559  10.799 0.0000000000
11596  -11.556  -86.550  8.542 0.0000000000
11597  -12.528  -86.061  7.329 0.0000000000
12910  -4.298  -70.746  11.761 0.0000000000
12911  -5.664  -69.369  11.118 0.0000000000
12912  -5.117  -71.319  11.309 0.0000000000
12913  -6.185  -72.097  11.525 0.0000000000
12914  -5.242  -73.695  11.591 0.0000000000
12915  -5.869  -76.077  11.790 0.0000000000
12916  -4.725  -75.467  11.454 0.0000000000
12917  -3.489  -84.862  12.054 0.0000000000
12918  -4.133  -85.024  11.425 0.0000000000
13309  -17.176  -75.167  3.134 0.0000000000
13311  -17.129  -73.892  2.535 0.0000000000
13312  -17.216  -72.549  1.973 0.0000000000
13313  -15.448  -73.144  2.355 0.0000000000
13314  -8.318  -80.706  3.619 0.0000000000
13315  -8.865  -79.690  4.445 0.0000000000
13316  -7.184  -79.800  4.002 0.0000000000
13317  -3.350  -70.624  4.238 0.0000000000
13318  -3.691  -70.837  5.048 0.0000000000
13319  -3.723  -69.349  4.505 0.0000000000
13320  -4.353  -68.206  4.539 0.0000000000
15313  -4.169  -71.227  14.356 0.0000000000
15314  -3.190  -72.685  14.723 0.0000000000
15315  -2.672  -74.469  13.546 0.0000000000
15316  -2.872  -74.564  14.961 0.0000000000
15320  -4.242  -81.688  14.696 0.0000000000
15706  -17.580  -74.741  9.200 0.0000000000
15708  -17.692  -75.849  8.802 0.0000000000
15709  -16.049  -78.370  7.775 0.0000000000
15710  -17.089  -77.603  7.270 0.0000000000
15711  -16.378  -77.908  6.252 0.0000000000
15712  -16.800  -77.187  4.977 0.0000000000
15713  -15.475  -77.833  5.320 0.0000000000
15715  -3.459  -80.116  3.026 0.0000000000
15716  -3.046  -79.821  2.140 0.0000000000
17506  -12.664  -82.664  11.045 0.0000000000
17507  -13.477  -82.468  9.929 0.0000000000
17508  -13.223  -83.451  9.457 0.0000000000
17509  -12.791  -84.489  5.006 0.0000000000
17510  -12.984  -83.777  5.782 0.0000000000
17511  -12.119  -83.436  3.991 0.0000000000
17512  -10.993  -82.450  3.450 0.0000000000
21437  -13.848  -71.475  9.595 0.0000000000
21438  -14.774  -72.325  10.138 0.0000000000
21439  -13.798  -73.079  11.057 0.0000000000
21440  -13.975  -74.863  11.851 0.0000000000
21441  -12.859  -73.976  12.029 0.0000000000
21453  -8.571  -67.872  10.233 0.0000000000
21455  -10.109  -67.769  10.199 0.0000000000
21456  -11.669  -67.742  10.366 0.0000000000
21457  -10.379  -67.871  8.542 0.0000000000
21458  -11.052  -68.859  7.742 0.0000000000
21459  -9.863  -69.507  8.650 0.0000000000
21460  -8.301  -74.002  12.778 0.0000000000
21461  -9.551  -72.988  12.126 0.0000000000
21462  -9.494  -75.016  13.441 0.0000000000
21463  -10.815  -76.051  13.462 0.0000000000
21464  -9.991  -77.377  13.571 0.0000000000
21465  -10.973  -79.523  13.035 0.0000000000
21466  -9.488  -78.659  13.023 0.0000000000
21467  -7.669  -80.417  11.536 0.0000000000
21468  -8.918  -81.128  11.726 0.0000000000
21469  -8.577  -82.217  11.702 0.0000000000
21470  -9.530  -84.155  11.614 0.0000000000
21471  -8.278  -83.546  11.796 0.0000000000
21472  -3.433  -78.687  12.372 0.0000000000
21473  -4.252  -79.036  11.793 0.0000000000
21474  -4.305  -80.488  11.977 0.0000000000
21475  -5.712  -85.812  11.095 0.0000000000
21476  -6.121  -84.263  11.574 0.0000000000
21477  -6.521  -86.087  10.962 0.0000000000
21478  -7.522  -86.456  10.854 0.0000000000
22659  -13.810  -81.402  7.307 0.0000000000
22660  -14.274  -80.684  7.755 0.0000000000
22661  -13.331  -80.600  6.278 0.0000000000
22662  -10.631  -77.906  4.964 0.0000000000
22663  -12.140  -78.353  5.171 0.0000000000
22664  -11.621  -77.138  4.718 0.0000000000
22665  -12.776  -76.578  4.260 0.0000000000
22666  -11.134  -75.954  4.180 0.0000000000
22667  -4.211  -77.420  4.661 0.0000000000
22668  -5.524  -77.503  4.806 0.0000000000
22669  -4.929  -76.031  5.212 0.0000000000
22670  -6.590  -71.839  5.073 0.0000000000
22671  -7.106  -73.526  4.885 0.0000000000
22672  -8.303  -72.522  4.217 0.0000000000
22673  -10.095  -73.176  3.490 0.0000000000
22674  -9.660  -71.751  3.558 0.0000000000
22675  -11.197  -71.241  2.924 0.0000000000
22676  -9.112  -70.306  3.807 0.0000000000
24400  -15.891  -76.421  10.561 0.0000000000
24401  -16.768  -76.756  9.383 0.0000000000
24402  -15.894  -77.627  10.035 0.0000000000
24403  -15.692  -78.574  9.229 0.0000000000
24404  -15.304  -79.094  8.068 0.0000000000
25480  -12.021  -84.767  10.181 0.0000000000
25481  -12.888  -84.441  8.948 0.0000000000
25482  -12.617  -85.293  8.279 0.0000000000
25483  -12.930  -85.330  6.136 0.0000000000
27839  -14.095  -70.233  7.977 0.0000000000
27840  -12.960  -70.786  8.842 0.0000000000
27849  -7.092  -68.420  10.558 0.0000000000
27850  -7.681  -69.186  9.677 0.0000000000
27851  -8.619  -70.233  9.779 0.0000000000
27852  -7.390  -71.032  10.936 0.0000000000
27853  -7.232  -72.974  12.094 0.0000000000
27854  -7.399  -75.358  12.845 0.0000000000
27855  -8.115  -77.774  12.805 0.0000000000
27856  -6.968  -76.957  12.345 0.0000000000
27857  -6.693  -78.370  11.794 0.0000000000
27858  -6.581  -79.866  11.437 0.0000000000
27859  -3.680  -81.766  12.553 0.0000000000
27860  -4.394  -81.938  11.874 0.0000000000
27861  -4.423  -83.529  11.718 0.0000000000
27862  -5.030  -85.407  11.229 0.0000000000
28570  -17.189  -71.164  1.534 0.0000000000
28571  -15.027  -70.321  1.687 0.0000000000
28572  -11.524  -81.073  4.752 0.0000000000
28573  -12.016  -80.251  5.268 0.0000000000
28574  -10.631  -79.922  4.784 0.0000000000
28575  -9.766  -78.722  4.870 0.0000000000
28576  -8.972  -77.632  4.819 0.0000000000
28577  -3.427  -73.981  4.984 0.0000000000
28578  -4.426  -74.421  5.454 0.0000000000
28579  -3.986  -72.563  5.424 0.0000000000
28580  -4.876  -71.289  5.437 0.0000000000
28581  -5.971  -70.210  5.172 0.0000000000
28582  -7.173  -69.408  4.644 0.0000000000
28583  -5.352  -68.618  4.939 0.0000000000
31423  -4.064  -70.766  12.914 0.0000000000
31424  -3.403  -72.627  12.047 0.0000000000
31425  -3.670  -75.018  11.629 0.0000000000
31426  -2.893  -74.721  12.391 0.0000000000
31427  -2.784  -76.526  12.811 0.0000000000
31428  -3.034  -78.433  13.419 0.0000000000
31429  -3.112  -76.348  15.281 0.0000000000
31430  -3.216  -78.349  14.518 0.0000000000
31431  -3.416  -80.208  13.631 0.0000000000
31432  -3.682  -81.660  13.663 0.0000000000
31433  -3.792  -83.232  13.398 0.0000000000
31434  -3.497  -84.831  12.906 0.0000000000
31977  -17.573  -76.824  8.141 0.0000000000
31978  -18.272  -76.677  6.877 0.0000000000
31980  -18.130  -76.376  4.689 0.0000000000
31981  -17.073  -76.207  3.947 0.0000000000
31982  -15.727  -75.782  3.437 0.0000000000
31983  -5.189  -81.573  3.096 0.0000000000
31984  -5.568  -80.099  3.782 0.0000000000
31985  -4.293  -80.340  3.606 0.0000000000
31986  -3.739  -78.831  3.899 0.0000000000
31987  -3.379  -77.254  4.173 0.0000000000
31989  -3.079  -76.998  3.263 0.0000000000
31990  -3.167  -75.509  4.271 0.0000000000
31991  -3.089  -73.763  4.002 0.0000000000
34270  -13.423  -80.573  11.785 0.0000000000
34271  -14.250  -80.600  10.700 0.0000000000
34272  -13.851  -81.514  10.411 0.0000000000
34273  -13.904  -82.026  8.690 0.0000000000
34274  -13.447  -82.200  6.829 0.0000000000
34275  -13.325  -83.829  7.609 0.0000000000
34276  -13.251  -83.001  6.305 0.0000000000
34277  -12.543  -82.047  5.256 0.0000000000
34278  -11.213  -81.745  4.134 0.0000000000
34279  -9.675  -81.535  3.345 0.0000000000
34280  -7.952  -81.919  2.977 0.0000000000
39039  -16.657  -74.038  9.758 0.0000000000
39040  -15.766  -71.499  9.329 0.0000000000
39041  -15.721  -73.211  10.184 0.0000000000
39042  -15.803  -74.850  10.515 0.0000000000
39043  -15.051  -75.675  11.276 0.0000000000
39044  -14.204  -76.684  12.045 0.0000000000
39045  -13.509  -77.855  12.531 0.0000000000
39064  -12.253  -68.288  7.201 0.0000000000
39065  -11.992  -69.949  8.148 0.0000000000
39066  -11.907  -71.485  10.037 0.0000000000
39067  -9.715  -71.231  10.381 0.0000000000
39068  -10.752  -72.197  11.105 0.0000000000
39069  -11.783  -73.090  11.744 0.0000000000
39070  -11.807  -74.953  12.870 0.0000000000
39071  -12.247  -77.109  13.140 0.0000000000
39072  -12.882  -78.996  12.671 0.0000000000
39073  -12.360  -80.156  12.598 0.0000000000
39074  -11.925  -81.222  12.164 0.0000000000
39075  -11.566  -82.350  11.750 0.0000000000
39076  -9.221  -79.958  12.294 0.0000000000
39077  -10.266  -81.783  11.970 0.0000000000
39078  -11.230  -83.446  11.518 0.0000000000
39079  -10.923  -84.632  11.258 0.0000000000
39080  -10.411  -85.695  10.635 0.0000000000
39081  -10.161  -86.650  9.587 0.0000000000
39082  -4.364  -77.332  11.551 0.0000000000
39083  -5.408  -79.381  11.415 0.0000000000
39084  -6.421  -81.189  11.645 0.0000000000
39085  -5.280  -82.255  11.718 0.0000000000
39086  -6.279  -82.600  11.727 0.0000000000
39087  -7.241  -83.029  11.746 0.0000000000
39088  -7.931  -84.977  11.469 0.0000000000
39089  -8.719  -86.707  10.356 0.0000000000
40504  -14.709  -80.360  9.372 0.0000000000
40505  -14.704  -79.991  8.084 0.0000000000
40506  -14.541  -79.302  6.868 0.0000000000
40507  -12.733  -79.522  5.565 0.0000000000
40508  -13.503  -78.920  5.763 0.0000000000
40509  -14.341  -78.371  5.663 0.0000000000
40510  -14.210  -77.333  4.636 0.0000000000
40511  -14.124  -76.236  3.803 0.0000000000
40512  -13.973  -74.952  3.220 0.0000000000
40513  -6.231  -78.804  4.364 0.0000000000
40514  -7.133  -77.592  4.717 0.0000000000
40515  -8.180  -76.528  4.643 0.0000000000
40516  -6.015  -74.707  5.327 0.0000000000
40517  -7.589  -75.088  4.743 0.0000000000
40518  -9.275  -75.490  4.320 0.0000000000
40519  -10.540  -74.610  3.734 0.0000000000
40520  -12.122  -74.023  3.180 0.0000000000
40521  -13.709  -73.597  2.821 0.0000000000
40522  -13.419  -72.227  2.439 0.0000000000
40523  -13.015  -70.774  2.245 0.0000000000
40524  -12.601  -69.342  2.107 0.0000000000
40525  -8.627  -68.913  4.026 0.0000000000
40526  -10.410  -68.429  3.086 0.0000000000
7  -20.952  -61.960  8.060 0.0000000000
211  -26.141  -65.349  2.989 0.0000000000
570  -20.350  -71.809  7.875 0.0000000000
571  -14.692  -67.747  9.333 0.0000000000
690  -23.519  -59.061  6.448 0.0000000000
691  -25.126  -63.808  7.093 0.0000000000
1260  -19.842  -66.619  11.226 0.0000000000
1397  -20.038  -75.240  5.368 0.0000000000
1530  -25.159  -59.456  3.007 0.0000000000
1531  -22.318  -65.271  0.274 0.0000000000
2346  -22.657  -66.951  8.199 0.0000000000
2347  -20.525  -66.797  7.627 0.0000000000
2348  -17.132  -69.721  7.570 0.0000000000
2509  -24.420  -70.112  5.584 0.0000000000
2510  -22.028  -71.044  2.108 0.0000000000
2610  -22.357  -60.911  7.434 0.0000000000
2611  -23.095  -62.940  7.775 0.0000000000
3507  -25.927  -61.897  5.130 0.0000000000
3508  -24.899  -59.292  4.869 0.0000000000
3509  -26.074  -62.454  3.031 0.0000000000
3510  -24.810  -62.604  1.126 0.0000000000
3511  -24.744  -65.512  1.225 0.0000000000
5220  -20.489  -64.345  9.063 0.0000000000
5221  -20.744  -63.937  11.035 0.0000000000
5222  -17.224  -67.723  10.038 0.0000000000
5223  -17.922  -67.880  7.379 0.0000000000
5224  -15.758  -68.393  6.806 0.0000000000
5626  -21.910  -69.621  7.843 0.0000000000
5627  -23.877  -68.631  7.249 0.0000000000
5628  -22.598  -71.473  6.879 0.0000000000
5629  -18.423  -75.456  3.668 0.0000000000
5630  -21.159  -73.558  3.365 0.0000000000
5631  -18.877  -73.129  2.234 0.0000000000
5632  -19.052  -70.371  1.226 0.0000000000
5850  -24.588  -61.353  6.735 0.0000000000
5851  -26.265  -64.694  5.226 0.0000000000
7120  -18.413  -73.872  8.694 0.0000000000
7121  -20.624  -73.990  6.925 0.0000000000
7122  -18.567  -75.939  7.696 0.0000000000
9593  -19.899  -62.265  8.847 0.0000000000
9594  -22.423  -64.347  8.201 0.0000000000
9595  -21.306  -64.465  8.241 0.0000000000
9596  -21.512  -66.999  8.065 0.0000000000
9597  -20.334  -69.166  8.179 0.0000000000
9598  -19.982  -66.901  8.861 0.0000000000
9599  -19.124  -68.587  7.401 0.0000000000
9600  -18.585  -70.809  8.407 0.0000000000
10081  -24.150  -65.750  7.883 0.0000000000
10082  -25.407  -67.030  6.343 0.0000000000
10083  -25.701  -67.901  4.131 0.0000000000
10084  -22.495  -73.064  5.162 0.0000000000
10085  -23.808  -70.994  3.562 0.0000000000
10086  -24.660  -68.315  2.150 0.0000000000
10087  -22.315  -68.090  0.964 0.0000000000
10088  -19.031  -67.579  0.516 0.0000000000
10289  -20.588  -61.088  7.898 0.0000000000
10290  -21.674  -61.477  7.762 0.0000000000
10291  -22.050  -62.424  7.938 0.0000000000
11187  -26.331  -63.597  4.102 0.0000000000
11188  -26.155  -62.199  4.079 0.0000000000
11189  -26.206  -63.774  3.014 0.0000000000
11190  -25.623  -63.980  1.947 0.0000000000
11191  -25.588  -65.443  2.028 0.0000000000
12902  -15.929  -67.844  9.663 0.0000000000
12903  -16.259  -67.868  8.098 0.0000000000
12904  -15.078  -67.851  7.722 0.0000000000
12905  -14.514  -68.764  6.766 0.0000000000
12906  -13.740  -67.957  7.339 0.0000000000
13306  -21.188  -70.782  7.729 0.0000000000
13307  -22.324  -70.537  7.383 0.0000000000
13308  -21.534  -71.799  7.343 0.0000000000
13310  -18.657  -74.402  2.890 0.0000000000
13587  -23.901  -62.248  7.273 0.0000000000
13588  -23.557  -61.154  7.154 0.0000000000
13589  -25.002  -62.593  6.848 0.0000000000
13590  -25.755  -62.994  6.112 0.0000000000
13591  -25.874  -64.255  6.331 0.0000000000
15707  -18.616  -75.014  8.290 0.0000000000
16279  -22.644  -57.798  6.319 0.0000000000
16280  -25.138  -59.340  3.969 0.0000000000
16281  -24.133  -57.928  4.861 0.0000000000
16282  -24.510  -58.054  4.012 0.0000000000
16287  -23.857  -64.024  0.479 0.0000000000
21419  -19.496  -62.184  9.527 0.0000000000
21420  -20.813  -63.382  8.550 0.0000000000
21421  -20.349  -63.263  9.030 0.0000000000
21422  -20.710  -65.621  8.246 0.0000000000
21423  -21.094  -65.690  8.095 0.0000000000
21424  -20.995  -66.922  7.828 0.0000000000
21425  -20.981  -68.123  8.102 0.0000000000
21426  -20.490  -67.996  7.789 0.0000000000
21427  -20.780  -65.205  12.257 0.0000000000
21428  -20.636  -65.446  11.001 0.0000000000
21429  -19.880  -66.817  10.054 0.0000000000
21430  -17.718  -68.714  6.974 0.0000000000
21431  -18.601  -68.171  7.041 0.0000000000
21432  -18.222  -69.193  7.479 0.0000000000
21433  -18.768  -69.574  7.952 0.0000000000
21434  -17.785  -70.228  8.119 0.0000000000
21435  -17.636  -71.567  8.807 0.0000000000
21436  -16.729  -70.815  8.566 0.0000000000
22636  -22.718  -65.607  8.254 0.0000000000
22637  -23.304  -64.965  8.176 0.0000000000
22638  -23.444  -66.421  8.107 0.0000000000
22639  -24.260  -69.428  6.478 0.0000000000
22640  -24.696  -67.925  6.820 0.0000000000
22641  -25.043  -68.581  5.879 0.0000000000
22642  -25.684  -67.496  5.290 0.0000000000
22643  -25.146  -69.084  4.907 0.0000000000
22644  -20.505  -74.734  6.214 0.0000000000
22645  -21.678  -73.633  6.005 0.0000000000
22646  -21.324  -74.220  5.189 0.0000000000
22647  -21.625  -72.372  2.709 0.0000000000
22648  -22.554  -72.426  3.490 0.0000000000
22649  -23.034  -71.114  2.777 0.0000000000
22650  -24.290  -69.696  2.840 0.0000000000
22651  -23.484  -69.738  2.084 0.0000000000
22652  -23.650  -68.258  1.457 0.0000000000
22653  -22.215  -69.574  1.465 0.0000000000
22654  -17.011  -69.727  1.159 0.0000000000
22655  -19.086  -68.977  0.826 0.0000000000
22656  -17.008  -68.396  0.874 0.0000000000
23129  -21.164  -60.554  7.678 0.0000000000
23130  -22.749  -61.897  7.535 0.0000000000
23131  -24.131  -63.317  7.562 0.0000000000
24743  -24.946  -60.378  5.905 0.0000000000
24744  -24.348  -59.156  5.754 0.0000000000
24745  -25.441  -60.580  5.018 0.0000000000
24746  -25.695  -60.787  4.022 0.0000000000
24747  -25.662  -60.989  2.917 0.0000000000
24748  -25.323  -61.031  1.920 0.0000000000
24749  -25.487  -62.549  1.999 0.0000000000
24750  -24.852  -64.055  1.131 0.0000000000
24751  -23.659  -65.400  0.571 0.0000000000
27828  -20.190  -62.959  9.887 0.0000000000
27829  -20.312  -62.572  10.938 0.0000000000
27830  -20.583  -64.137  10.055 0.0000000000
27831  -20.593  -65.650  8.856 0.0000000000
27832  -18.597  -67.361  10.522 0.0000000000
27833  -18.757  -67.646  9.191 0.0000000000
27834  -17.478  -67.911  8.612 0.0000000000
27835  -16.954  -68.138  7.056 0.0000000000
27836  -16.553  -69.232  6.993 0.0000000000
27837  -15.985  -70.287  7.980 0.0000000000
27838  -15.294  -69.719  7.256 0.0000000000
28558  -22.389  -68.290  8.054 0.0000000000
28559  -23.306  -67.834  7.881 0.0000000000
28560  -22.941  -69.199  7.546 0.0000000000
28561  -23.362  -70.125  6.944 0.0000000000
28562  -23.678  -70.915  6.213 0.0000000000
28563  -19.423  -75.506  4.433 0.0000000000
28564  -20.693  -74.497  4.269 0.0000000000
28565  -19.749  -74.570  3.436 0.0000000000
28566  -20.163  -73.481  2.693 0.0000000000
28567  -20.461  -72.173  2.083 0.0000000000
28568  -20.699  -70.776  1.556 0.0000000000
28569  -18.987  -71.786  1.701 0.0000000000
29005  -22.449  -58.905  6.938 0.0000000000
29006  -21.913  -59.877  7.389 0.0000000000
29007  -23.065  -60.043  7.082 0.0000000000
29008  -24.126  -60.197  6.598 0.0000000000
29009  -25.437  -61.655  6.040 0.0000000000
29010  -26.150  -63.309  5.170 0.0000000000
29011  -26.362  -65.039  4.143 0.0000000000
31410  -19.990  -66.351  12.434 0.0000000000
31411  -18.596  -66.890  11.843 0.0000000000
31412  -17.216  -67.272  11.481 0.0000000000
31413  -15.742  -67.364  11.268 0.0000000000
31972  -19.391  -72.918  8.241 0.0000000000
31973  -20.572  -73.020  7.531 0.0000000000
31974  -19.551  -74.087  7.859 0.0000000000
31975  -19.573  -75.013  7.274 0.0000000000
31976  -19.374  -75.703  6.495 0.0000000000
31979  -18.929  -76.182  5.596 0.0000000000
32717  -23.523  -57.824  5.667 0.0000000000
39017  -20.477  -62.200  8.372 0.0000000000
39018  -21.852  -63.099  8.168 0.0000000000
39019  -21.323  -63.272  8.296 0.0000000000
39020  -21.821  -64.452  8.162 0.0000000000
39021  -22.106  -65.716  8.179 0.0000000000
39022  -20.855  -64.486  8.458 0.0000000000
39023  -21.557  -65.759  8.104 0.0000000000
39024  -22.010  -66.947  8.210 0.0000000000
39025  -21.631  -68.236  8.213 0.0000000000
39026  -21.074  -69.409  8.192 0.0000000000
39027  -20.356  -70.388  8.073 0.0000000000
39029  -20.665  -65.597  9.914 0.0000000000
39030  -20.144  -66.790  7.950 0.0000000000
39031  -18.984  -67.598  8.004 0.0000000000
39032  -19.404  -67.592  7.250 0.0000000000
39033  -20.006  -67.796  7.360 0.0000000000
39034  -19.716  -68.876  7.807 0.0000000000
39035  -19.489  -69.980  8.134 0.0000000000
39036  -19.483  -71.309  8.220 0.0000000000
39037  -18.569  -72.250  8.674 0.0000000000
39038  -17.588  -73.190  9.195 0.0000000000
39054  -14.400  -67.547  11.016 0.0000000000
39062  -13.086  -67.661  10.740 0.0000000000
39063  -13.261  -67.764  8.870 0.0000000000
40477  -22.819  -63.642  8.040 0.0000000000
40478  -23.789  -64.299  7.934 0.0000000000
40479  -24.780  -64.884  7.555 0.0000000000
40480  -24.233  -67.188  7.601 0.0000000000
40481  -24.956  -66.480  7.252 0.0000000000
40482  -25.579  -65.395  6.799 0.0000000000
40483  -25.965  -65.935  5.777 0.0000000000
40484  -26.109  -66.368  4.643 0.0000000000
40485  -25.992  -66.696  3.510 0.0000000000
40486  -21.729  -72.786  6.816 0.0000000000
40487  -22.717  -72.341  6.105 0.0000000000
40488  -23.549  -71.666  5.328 0.0000000000
40489  -22.009  -73.383  4.206 0.0000000000
40490  -23.208  -72.160  4.337 0.0000000000
40491  -24.252  -70.663  4.516 0.0000000000
40492  -24.860  -69.474  3.749 0.0000000000
40493  -25.276  -68.249  3.053 0.0000000000
40494  -25.541  -66.888  2.476 0.0000000000
40495  -24.776  -66.926  1.614 0.0000000000
40496  -23.639  -66.871  0.923 0.0000000000
40497  -22.393  -66.763  0.578 0.0000000000
40498  -20.833  -69.320  1.091 0.0000000000
40499  -20.822  -67.920  0.655 0.0000000000
40500  -20.892  -66.528  0.353 0.0000000000
